http://www.forsviksbruk.se/for-skolan/praktiska-lektioner/aktivitet-1/,SPEED,84
http://www.forsviksbruk.se/for-skolan/praktiska-lektioner/aktivitet-1/,USABILITY,99
http://www.forsviksbruk.se/for-skolan/praktiska-lektioner/aktivitet-1/,numberResources,27
http://www.forsviksbruk.se/for-skolan/praktiska-lektioner/aktivitet-1/,numberHosts,3
http://www.forsviksbruk.se/for-skolan/praktiska-lektioner/aktivitet-1/,totalRequestBytes,2884
http://www.forsviksbruk.se/for-skolan/praktiska-lektioner/aktivitet-1/,numberStaticResources,23
http://www.forsviksbruk.se/for-skolan/praktiska-lektioner/aktivitet-1/,htmlResponseBytes,105473
http://www.forsviksbruk.se/for-skolan/praktiska-lektioner/aktivitet-1/,cssResponseBytes,125042
http://www.forsviksbruk.se/for-skolan/praktiska-lektioner/aktivitet-1/,imageResponseBytes,286333
http://www.forsviksbruk.se/for-skolan/praktiska-lektioner/aktivitet-1/,javascriptResponseBytes,407530
http://www.forsviksbruk.se/for-skolan/praktiska-lektioner/aktivitet-1/,otherResponseBytes,173656
http://www.forsviksbruk.se/for-skolan/praktiska-lektioner/aktivitet-1/,numberJsResources,3
http://www.forsviksbruk.se/for-skolan/praktiska-lektioner/aktivitet-1/,numberCssResources,2
http://www.forsviksbruk.se/for-skolan/praktiska-lektioner/aktivitet-1/,AvoidLandingPageRedirects,0.0
http://www.forsviksbruk.se/for-skolan/praktiska-lektioner/aktivitet-1/,AvoidPlugins,0.0
http://www.forsviksbruk.se/for-skolan/praktiska-lektioner/aktivitet-1/,ConfigureViewport,0.0
http://www.forsviksbruk.se/for-skolan/praktiska-lektioner/aktivitet-1/,EnableGzipCompression,0.0
http://www.forsviksbruk.se/for-skolan/praktiska-lektioner/aktivitet-1/,LeverageBrowserCaching,0.75
http://www.forsviksbruk.se/for-skolan/praktiska-lektioner/aktivitet-1/,MainResourceServerResponseTime,1.47
http://www.forsviksbruk.se/for-skolan/praktiska-lektioner/aktivitet-1/,MinifyCss,0.0
http://www.forsviksbruk.se/for-skolan/praktiska-lektioner/aktivitet-1/,MinifyHTML,0.0
http://www.forsviksbruk.se/for-skolan/praktiska-lektioner/aktivitet-1/,MinifyJavaScript,0.0
http://www.forsviksbruk.se/for-skolan/praktiska-lektioner/aktivitet-1/,MinimizeRenderBlockingResources,0.0
http://www.forsviksbruk.se/for-skolan/praktiska-lektioner/aktivitet-1/,OptimizeImages,7.128800000000001
http://www.forsviksbruk.se/for-skolan/praktiska-lektioner/aktivitet-1/,PrioritizeVisibleContent,8.0
http://www.forsviksbruk.se/for-skolan/praktiska-lektioner/aktivitet-1/,SizeContentToViewport,0.0
http://www.forsviksbruk.se/for-skolan/praktiska-lektioner/aktivitet-1/,SizeTapTargetsAppropriately,0.6122448979591836
http://www.forsviksbruk.se/for-skolan/praktiska-lektioner/aktivitet-1/,UseLegibleFontSizes,0.0
http://www.forsviksbruk.se/utstallningar/ljuskronor/,SPEED,83
http://www.forsviksbruk.se/utstallningar/ljuskronor/,USABILITY,99
http://www.forsviksbruk.se/utstallningar/ljuskronor/,numberResources,27
http://www.forsviksbruk.se/utstallningar/ljuskronor/,numberHosts,3
http://www.forsviksbruk.se/utstallningar/ljuskronor/,totalRequestBytes,2832
http://www.forsviksbruk.se/utstallningar/ljuskronor/,numberStaticResources,23
http://www.forsviksbruk.se/utstallningar/ljuskronor/,htmlResponseBytes,104637
http://www.forsviksbruk.se/utstallningar/ljuskronor/,cssResponseBytes,125042
http://www.forsviksbruk.se/utstallningar/ljuskronor/,imageResponseBytes,194210
http://www.forsviksbruk.se/utstallningar/ljuskronor/,javascriptResponseBytes,407530
http://www.forsviksbruk.se/utstallningar/ljuskronor/,otherResponseBytes,173656
http://www.forsviksbruk.se/utstallningar/ljuskronor/,numberJsResources,3
http://www.forsviksbruk.se/utstallningar/ljuskronor/,numberCssResources,2
http://www.forsviksbruk.se/utstallningar/ljuskronor/,AvoidLandingPageRedirects,0.0
http://www.forsviksbruk.se/utstallningar/ljuskronor/,AvoidPlugins,0.0
http://www.forsviksbruk.se/utstallningar/ljuskronor/,ConfigureViewport,0.0
http://www.forsviksbruk.se/utstallningar/ljuskronor/,EnableGzipCompression,0.0
http://www.forsviksbruk.se/utstallningar/ljuskronor/,LeverageBrowserCaching,0.75
http://www.forsviksbruk.se/utstallningar/ljuskronor/,MainResourceServerResponseTime,2.295
http://www.forsviksbruk.se/utstallningar/ljuskronor/,MinifyCss,0.0
http://www.forsviksbruk.se/utstallningar/ljuskronor/,MinifyHTML,0.0
http://www.forsviksbruk.se/utstallningar/ljuskronor/,MinifyJavaScript,0.0
http://www.forsviksbruk.se/utstallningar/ljuskronor/,MinimizeRenderBlockingResources,0.0
http://www.forsviksbruk.se/utstallningar/ljuskronor/,OptimizeImages,7.128800000000001
http://www.forsviksbruk.se/utstallningar/ljuskronor/,PrioritizeVisibleContent,8.0
http://www.forsviksbruk.se/utstallningar/ljuskronor/,SizeContentToViewport,0.0
http://www.forsviksbruk.se/utstallningar/ljuskronor/,SizeTapTargetsAppropriately,0.6584362139917695
http://www.forsviksbruk.se/utstallningar/ljuskronor/,UseLegibleFontSizes,0.0
http://www.forsviksbruk.se/kunskap--fakta/kvinnan-som-styrde-forsviks-bruk-i-40-ar/,SPEED,90
http://www.forsviksbruk.se/kunskap--fakta/kvinnan-som-styrde-forsviks-bruk-i-40-ar/,USABILITY,99
http://www.forsviksbruk.se/kunskap--fakta/kvinnan-som-styrde-forsviks-bruk-i-40-ar/,numberResources,27
http://www.forsviksbruk.se/kunskap--fakta/kvinnan-som-styrde-forsviks-bruk-i-40-ar/,numberHosts,3
http://www.forsviksbruk.se/kunskap--fakta/kvinnan-som-styrde-forsviks-bruk-i-40-ar/,totalRequestBytes,2936
http://www.forsviksbruk.se/kunskap--fakta/kvinnan-som-styrde-forsviks-bruk-i-40-ar/,numberStaticResources,23
http://www.forsviksbruk.se/kunskap--fakta/kvinnan-som-styrde-forsviks-bruk-i-40-ar/,htmlResponseBytes,117308
http://www.forsviksbruk.se/kunskap--fakta/kvinnan-som-styrde-forsviks-bruk-i-40-ar/,cssResponseBytes,125042
http://www.forsviksbruk.se/kunskap--fakta/kvinnan-som-styrde-forsviks-bruk-i-40-ar/,imageResponseBytes,193368
http://www.forsviksbruk.se/kunskap--fakta/kvinnan-som-styrde-forsviks-bruk-i-40-ar/,javascriptResponseBytes,407530
http://www.forsviksbruk.se/kunskap--fakta/kvinnan-som-styrde-forsviks-bruk-i-40-ar/,otherResponseBytes,173656
http://www.forsviksbruk.se/kunskap--fakta/kvinnan-som-styrde-forsviks-bruk-i-40-ar/,numberJsResources,3
http://www.forsviksbruk.se/kunskap--fakta/kvinnan-som-styrde-forsviks-bruk-i-40-ar/,numberCssResources,2
http://www.forsviksbruk.se/kunskap--fakta/kvinnan-som-styrde-forsviks-bruk-i-40-ar/,AvoidLandingPageRedirects,0.0
http://www.forsviksbruk.se/kunskap--fakta/kvinnan-som-styrde-forsviks-bruk-i-40-ar/,AvoidPlugins,0.0
http://www.forsviksbruk.se/kunskap--fakta/kvinnan-som-styrde-forsviks-bruk-i-40-ar/,ConfigureViewport,0.0
http://www.forsviksbruk.se/kunskap--fakta/kvinnan-som-styrde-forsviks-bruk-i-40-ar/,EnableGzipCompression,0.0
http://www.forsviksbruk.se/kunskap--fakta/kvinnan-som-styrde-forsviks-bruk-i-40-ar/,LeverageBrowserCaching,0.75
http://www.forsviksbruk.se/kunskap--fakta/kvinnan-som-styrde-forsviks-bruk-i-40-ar/,MainResourceServerResponseTime,1.695
http://www.forsviksbruk.se/kunskap--fakta/kvinnan-som-styrde-forsviks-bruk-i-40-ar/,MinifyCss,0.0
http://www.forsviksbruk.se/kunskap--fakta/kvinnan-som-styrde-forsviks-bruk-i-40-ar/,MinifyHTML,0.0
http://www.forsviksbruk.se/kunskap--fakta/kvinnan-som-styrde-forsviks-bruk-i-40-ar/,MinifyJavaScript,0.0
http://www.forsviksbruk.se/kunskap--fakta/kvinnan-som-styrde-forsviks-bruk-i-40-ar/,MinimizeRenderBlockingResources,0.0
http://www.forsviksbruk.se/kunskap--fakta/kvinnan-som-styrde-forsviks-bruk-i-40-ar/,OptimizeImages,7.128800000000001
http://www.forsviksbruk.se/kunskap--fakta/kvinnan-som-styrde-forsviks-bruk-i-40-ar/,PrioritizeVisibleContent,0.0
http://www.forsviksbruk.se/kunskap--fakta/kvinnan-som-styrde-forsviks-bruk-i-40-ar/,SizeContentToViewport,0.0
http://www.forsviksbruk.se/kunskap--fakta/kvinnan-som-styrde-forsviks-bruk-i-40-ar/,SizeTapTargetsAppropriately,0.6584362139917695
http://www.forsviksbruk.se/kunskap--fakta/kvinnan-som-styrde-forsviks-bruk-i-40-ar/,UseLegibleFontSizes,0.0
http://www.forsviksbruk.se/for-skolan/lektioner/lektion-1/,SPEED,50
http://www.forsviksbruk.se/for-skolan/lektioner/lektion-1/,USABILITY,99
http://www.forsviksbruk.se/for-skolan/lektioner/lektion-1/,numberResources,27
http://www.forsviksbruk.se/for-skolan/lektioner/lektion-1/,numberHosts,3
http://www.forsviksbruk.se/for-skolan/lektioner/lektion-1/,totalRequestBytes,2832
http://www.forsviksbruk.se/for-skolan/lektioner/lektion-1/,numberStaticResources,23
http://www.forsviksbruk.se/for-skolan/lektioner/lektion-1/,htmlResponseBytes,106905
http://www.forsviksbruk.se/for-skolan/lektioner/lektion-1/,cssResponseBytes,125042
http://www.forsviksbruk.se/for-skolan/lektioner/lektion-1/,imageResponseBytes,1118498
http://www.forsviksbruk.se/for-skolan/lektioner/lektion-1/,javascriptResponseBytes,407530
http://www.forsviksbruk.se/for-skolan/lektioner/lektion-1/,otherResponseBytes,173656
http://www.forsviksbruk.se/for-skolan/lektioner/lektion-1/,numberJsResources,3
http://www.forsviksbruk.se/for-skolan/lektioner/lektion-1/,numberCssResources,2
http://www.forsviksbruk.se/for-skolan/lektioner/lektion-1/,AvoidLandingPageRedirects,0.0
http://www.forsviksbruk.se/for-skolan/lektioner/lektion-1/,AvoidPlugins,0.0
http://www.forsviksbruk.se/for-skolan/lektioner/lektion-1/,ConfigureViewport,0.0
http://www.forsviksbruk.se/for-skolan/lektioner/lektion-1/,EnableGzipCompression,0.0
http://www.forsviksbruk.se/for-skolan/lektioner/lektion-1/,LeverageBrowserCaching,0.75
http://www.forsviksbruk.se/for-skolan/lektioner/lektion-1/,MainResourceServerResponseTime,4.875
http://www.forsviksbruk.se/for-skolan/lektioner/lektion-1/,MinifyCss,0.0
http://www.forsviksbruk.se/for-skolan/lektioner/lektion-1/,MinifyHTML,0.0
http://www.forsviksbruk.se/for-skolan/lektioner/lektion-1/,MinifyJavaScript,0.0
http://www.forsviksbruk.se/for-skolan/lektioner/lektion-1/,MinimizeRenderBlockingResources,0.0
http://www.forsviksbruk.se/for-skolan/lektioner/lektion-1/,OptimizeImages,102.8092
http://www.forsviksbruk.se/for-skolan/lektioner/lektion-1/,PrioritizeVisibleContent,0.0
http://www.forsviksbruk.se/for-skolan/lektioner/lektion-1/,SizeContentToViewport,0.0
http://www.forsviksbruk.se/for-skolan/lektioner/lektion-1/,SizeTapTargetsAppropriately,0.5707491082045184
http://www.forsviksbruk.se/for-skolan/lektioner/lektion-1/,UseLegibleFontSizes,0.0
http://www.forsviksbruk.se/om-forsviks-bruk/kontakta-oss/,SPEED,91
http://www.forsviksbruk.se/om-forsviks-bruk/kontakta-oss/,USABILITY,98
http://www.forsviksbruk.se/om-forsviks-bruk/kontakta-oss/,numberResources,29
http://www.forsviksbruk.se/om-forsviks-bruk/kontakta-oss/,numberHosts,3
http://www.forsviksbruk.se/om-forsviks-bruk/kontakta-oss/,totalRequestBytes,3002
http://www.forsviksbruk.se/om-forsviks-bruk/kontakta-oss/,numberStaticResources,25
http://www.forsviksbruk.se/om-forsviks-bruk/kontakta-oss/,htmlResponseBytes,119359
http://www.forsviksbruk.se/om-forsviks-bruk/kontakta-oss/,cssResponseBytes,125042
http://www.forsviksbruk.se/om-forsviks-bruk/kontakta-oss/,imageResponseBytes,222000
http://www.forsviksbruk.se/om-forsviks-bruk/kontakta-oss/,javascriptResponseBytes,407530
http://www.forsviksbruk.se/om-forsviks-bruk/kontakta-oss/,otherResponseBytes,173656
http://www.forsviksbruk.se/om-forsviks-bruk/kontakta-oss/,numberJsResources,3
http://www.forsviksbruk.se/om-forsviks-bruk/kontakta-oss/,numberCssResources,2
http://www.forsviksbruk.se/om-forsviks-bruk/kontakta-oss/,AvoidLandingPageRedirects,0.0
http://www.forsviksbruk.se/om-forsviks-bruk/kontakta-oss/,AvoidPlugins,0.0
http://www.forsviksbruk.se/om-forsviks-bruk/kontakta-oss/,ConfigureViewport,0.0
http://www.forsviksbruk.se/om-forsviks-bruk/kontakta-oss/,EnableGzipCompression,0.0
http://www.forsviksbruk.se/om-forsviks-bruk/kontakta-oss/,LeverageBrowserCaching,0.75
http://www.forsviksbruk.se/om-forsviks-bruk/kontakta-oss/,MainResourceServerResponseTime,0.0
http://www.forsviksbruk.se/om-forsviks-bruk/kontakta-oss/,MinifyCss,0.0
http://www.forsviksbruk.se/om-forsviks-bruk/kontakta-oss/,MinifyHTML,0.0
http://www.forsviksbruk.se/om-forsviks-bruk/kontakta-oss/,MinifyJavaScript,0.0
http://www.forsviksbruk.se/om-forsviks-bruk/kontakta-oss/,MinimizeRenderBlockingResources,0.0
http://www.forsviksbruk.se/om-forsviks-bruk/kontakta-oss/,OptimizeImages,7.128800000000001
http://www.forsviksbruk.se/om-forsviks-bruk/kontakta-oss/,PrioritizeVisibleContent,0.0
http://www.forsviksbruk.se/om-forsviks-bruk/kontakta-oss/,SizeContentToViewport,0.0
http://www.forsviksbruk.se/om-forsviks-bruk/kontakta-oss/,SizeTapTargetsAppropriately,1.0383991346673878
http://www.forsviksbruk.se/om-forsviks-bruk/kontakta-oss/,UseLegibleFontSizes,0.0
http://www.forsviksbruk.se/utstallningar/byggnaderna-berattar/jarnboden/,SPEED,82
http://www.forsviksbruk.se/utstallningar/byggnaderna-berattar/jarnboden/,USABILITY,99
http://www.forsviksbruk.se/utstallningar/byggnaderna-berattar/jarnboden/,numberResources,27
http://www.forsviksbruk.se/utstallningar/byggnaderna-berattar/jarnboden/,numberHosts,3
http://www.forsviksbruk.se/utstallningar/byggnaderna-berattar/jarnboden/,totalRequestBytes,2871
http://www.forsviksbruk.se/utstallningar/byggnaderna-berattar/jarnboden/,numberStaticResources,23
http://www.forsviksbruk.se/utstallningar/byggnaderna-berattar/jarnboden/,htmlResponseBytes,107381
http://www.forsviksbruk.se/utstallningar/byggnaderna-berattar/jarnboden/,cssResponseBytes,125042
http://www.forsviksbruk.se/utstallningar/byggnaderna-berattar/jarnboden/,imageResponseBytes,252004
http://www.forsviksbruk.se/utstallningar/byggnaderna-berattar/jarnboden/,javascriptResponseBytes,407530
http://www.forsviksbruk.se/utstallningar/byggnaderna-berattar/jarnboden/,otherResponseBytes,173656
http://www.forsviksbruk.se/utstallningar/byggnaderna-berattar/jarnboden/,numberJsResources,3
http://www.forsviksbruk.se/utstallningar/byggnaderna-berattar/jarnboden/,numberCssResources,2
http://www.forsviksbruk.se/utstallningar/byggnaderna-berattar/jarnboden/,AvoidLandingPageRedirects,0.0
http://www.forsviksbruk.se/utstallningar/byggnaderna-berattar/jarnboden/,AvoidPlugins,0.0
http://www.forsviksbruk.se/utstallningar/byggnaderna-berattar/jarnboden/,ConfigureViewport,0.0
http://www.forsviksbruk.se/utstallningar/byggnaderna-berattar/jarnboden/,EnableGzipCompression,0.0
http://www.forsviksbruk.se/utstallningar/byggnaderna-berattar/jarnboden/,LeverageBrowserCaching,0.75
http://www.forsviksbruk.se/utstallningar/byggnaderna-berattar/jarnboden/,MainResourceServerResponseTime,3.735
http://www.forsviksbruk.se/utstallningar/byggnaderna-berattar/jarnboden/,MinifyCss,0.0
http://www.forsviksbruk.se/utstallningar/byggnaderna-berattar/jarnboden/,MinifyHTML,0.0
http://www.forsviksbruk.se/utstallningar/byggnaderna-berattar/jarnboden/,MinifyJavaScript,0.0
http://www.forsviksbruk.se/utstallningar/byggnaderna-berattar/jarnboden/,MinimizeRenderBlockingResources,0.0
http://www.forsviksbruk.se/utstallningar/byggnaderna-berattar/jarnboden/,OptimizeImages,7.128800000000001
http://www.forsviksbruk.se/utstallningar/byggnaderna-berattar/jarnboden/,PrioritizeVisibleContent,8.0
http://www.forsviksbruk.se/utstallningar/byggnaderna-berattar/jarnboden/,SizeContentToViewport,0.0
http://www.forsviksbruk.se/utstallningar/byggnaderna-berattar/jarnboden/,SizeTapTargetsAppropriately,0.6122448979591836
http://www.forsviksbruk.se/utstallningar/byggnaderna-berattar/jarnboden/,UseLegibleFontSizes,0.0
http://www.forsviksbruk.se/utstallningar/byggnaderna-berattar/platverkstadenvarvet/,SPEED,91
http://www.forsviksbruk.se/utstallningar/byggnaderna-berattar/platverkstadenvarvet/,USABILITY,99
http://www.forsviksbruk.se/utstallningar/byggnaderna-berattar/platverkstadenvarvet/,numberResources,27
http://www.forsviksbruk.se/utstallningar/byggnaderna-berattar/platverkstadenvarvet/,numberHosts,3
http://www.forsviksbruk.se/utstallningar/byggnaderna-berattar/platverkstadenvarvet/,totalRequestBytes,2907
http://www.forsviksbruk.se/utstallningar/byggnaderna-berattar/platverkstadenvarvet/,numberStaticResources,23
http://www.forsviksbruk.se/utstallningar/byggnaderna-berattar/platverkstadenvarvet/,htmlResponseBytes,108231
http://www.forsviksbruk.se/utstallningar/byggnaderna-berattar/platverkstadenvarvet/,cssResponseBytes,125042
http://www.forsviksbruk.se/utstallningar/byggnaderna-berattar/platverkstadenvarvet/,imageResponseBytes,248660
http://www.forsviksbruk.se/utstallningar/byggnaderna-berattar/platverkstadenvarvet/,javascriptResponseBytes,407530
http://www.forsviksbruk.se/utstallningar/byggnaderna-berattar/platverkstadenvarvet/,otherResponseBytes,173656
http://www.forsviksbruk.se/utstallningar/byggnaderna-berattar/platverkstadenvarvet/,numberJsResources,3
http://www.forsviksbruk.se/utstallningar/byggnaderna-berattar/platverkstadenvarvet/,numberCssResources,2
http://www.forsviksbruk.se/utstallningar/byggnaderna-berattar/platverkstadenvarvet/,AvoidLandingPageRedirects,0.0
http://www.forsviksbruk.se/utstallningar/byggnaderna-berattar/platverkstadenvarvet/,AvoidPlugins,0.0
http://www.forsviksbruk.se/utstallningar/byggnaderna-berattar/platverkstadenvarvet/,ConfigureViewport,0.0
http://www.forsviksbruk.se/utstallningar/byggnaderna-berattar/platverkstadenvarvet/,EnableGzipCompression,0.0
http://www.forsviksbruk.se/utstallningar/byggnaderna-berattar/platverkstadenvarvet/,LeverageBrowserCaching,0.75
http://www.forsviksbruk.se/utstallningar/byggnaderna-berattar/platverkstadenvarvet/,MainResourceServerResponseTime,0.0
http://www.forsviksbruk.se/utstallningar/byggnaderna-berattar/platverkstadenvarvet/,MinifyCss,0.0
http://www.forsviksbruk.se/utstallningar/byggnaderna-berattar/platverkstadenvarvet/,MinifyHTML,0.0
http://www.forsviksbruk.se/utstallningar/byggnaderna-berattar/platverkstadenvarvet/,MinifyJavaScript,0.0
http://www.forsviksbruk.se/utstallningar/byggnaderna-berattar/platverkstadenvarvet/,MinimizeRenderBlockingResources,0.0
http://www.forsviksbruk.se/utstallningar/byggnaderna-berattar/platverkstadenvarvet/,OptimizeImages,7.128800000000001
http://www.forsviksbruk.se/utstallningar/byggnaderna-berattar/platverkstadenvarvet/,PrioritizeVisibleContent,0.0
http://www.forsviksbruk.se/utstallningar/byggnaderna-berattar/platverkstadenvarvet/,SizeContentToViewport,0.0
http://www.forsviksbruk.se/utstallningar/byggnaderna-berattar/platverkstadenvarvet/,SizeTapTargetsAppropriately,0.5333333333333333
http://www.forsviksbruk.se/utstallningar/byggnaderna-berattar/platverkstadenvarvet/,UseLegibleFontSizes,0.0
http://www.forsviksbruk.se/for-skolan/lektioner/,SPEED,85
http://www.forsviksbruk.se/for-skolan/lektioner/,USABILITY,99
http://www.forsviksbruk.se/for-skolan/lektioner/,numberResources,35
http://www.forsviksbruk.se/for-skolan/lektioner/,numberHosts,3
http://www.forsviksbruk.se/for-skolan/lektioner/,totalRequestBytes,3968
http://www.forsviksbruk.se/for-skolan/lektioner/,numberStaticResources,31
http://www.forsviksbruk.se/for-skolan/lektioner/,htmlResponseBytes,124520
http://www.forsviksbruk.se/for-skolan/lektioner/,cssResponseBytes,125042
http://www.forsviksbruk.se/for-skolan/lektioner/,imageResponseBytes,831478
http://www.forsviksbruk.se/for-skolan/lektioner/,javascriptResponseBytes,407530
http://www.forsviksbruk.se/for-skolan/lektioner/,otherResponseBytes,173656
http://www.forsviksbruk.se/for-skolan/lektioner/,numberJsResources,3
http://www.forsviksbruk.se/for-skolan/lektioner/,numberCssResources,2
http://www.forsviksbruk.se/for-skolan/lektioner/,AvoidLandingPageRedirects,0.0
http://www.forsviksbruk.se/for-skolan/lektioner/,AvoidPlugins,0.0
http://www.forsviksbruk.se/for-skolan/lektioner/,ConfigureViewport,0.0
http://www.forsviksbruk.se/for-skolan/lektioner/,EnableGzipCompression,0.0
http://www.forsviksbruk.se/for-skolan/lektioner/,LeverageBrowserCaching,0.75
http://www.forsviksbruk.se/for-skolan/lektioner/,MainResourceServerResponseTime,0.0
http://www.forsviksbruk.se/for-skolan/lektioner/,MinifyCss,0.0
http://www.forsviksbruk.se/for-skolan/lektioner/,MinifyHTML,0.0
http://www.forsviksbruk.se/for-skolan/lektioner/,MinifyJavaScript,0.0
http://www.forsviksbruk.se/for-skolan/lektioner/,MinimizeRenderBlockingResources,0.0
http://www.forsviksbruk.se/for-skolan/lektioner/,OptimizeImages,7.128800000000001
http://www.forsviksbruk.se/for-skolan/lektioner/,PrioritizeVisibleContent,8.0
http://www.forsviksbruk.se/for-skolan/lektioner/,SizeContentToViewport,0.0
http://www.forsviksbruk.se/for-skolan/lektioner/,SizeTapTargetsAppropriately,0.3703703703703703
http://www.forsviksbruk.se/for-skolan/lektioner/,UseLegibleFontSizes,0.0
http://www.forsviksbruk.se/for-skolan/lektioner/lektion-7/,SPEED,91
http://www.forsviksbruk.se/for-skolan/lektioner/lektion-7/,USABILITY,99
http://www.forsviksbruk.se/for-skolan/lektioner/lektion-7/,numberResources,27
http://www.forsviksbruk.se/for-skolan/lektioner/lektion-7/,numberHosts,3
http://www.forsviksbruk.se/for-skolan/lektioner/lektion-7/,totalRequestBytes,2857
http://www.forsviksbruk.se/for-skolan/lektioner/lektion-7/,numberStaticResources,23
http://www.forsviksbruk.se/for-skolan/lektioner/lektion-7/,htmlResponseBytes,106509
http://www.forsviksbruk.se/for-skolan/lektioner/lektion-7/,cssResponseBytes,125042
http://www.forsviksbruk.se/for-skolan/lektioner/lektion-7/,imageResponseBytes,284806
http://www.forsviksbruk.se/for-skolan/lektioner/lektion-7/,javascriptResponseBytes,407530
http://www.forsviksbruk.se/for-skolan/lektioner/lektion-7/,otherResponseBytes,173656
http://www.forsviksbruk.se/for-skolan/lektioner/lektion-7/,numberJsResources,3
http://www.forsviksbruk.se/for-skolan/lektioner/lektion-7/,numberCssResources,2
http://www.forsviksbruk.se/for-skolan/lektioner/lektion-7/,AvoidLandingPageRedirects,0.0
http://www.forsviksbruk.se/for-skolan/lektioner/lektion-7/,AvoidPlugins,0.0
http://www.forsviksbruk.se/for-skolan/lektioner/lektion-7/,ConfigureViewport,0.0
http://www.forsviksbruk.se/for-skolan/lektioner/lektion-7/,EnableGzipCompression,0.0
http://www.forsviksbruk.se/for-skolan/lektioner/lektion-7/,LeverageBrowserCaching,0.75
http://www.forsviksbruk.se/for-skolan/lektioner/lektion-7/,MainResourceServerResponseTime,0.0
http://www.forsviksbruk.se/for-skolan/lektioner/lektion-7/,MinifyCss,0.0
http://www.forsviksbruk.se/for-skolan/lektioner/lektion-7/,MinifyHTML,0.0
http://www.forsviksbruk.se/for-skolan/lektioner/lektion-7/,MinifyJavaScript,0.0
http://www.forsviksbruk.se/for-skolan/lektioner/lektion-7/,MinimizeRenderBlockingResources,0.0
http://www.forsviksbruk.se/for-skolan/lektioner/lektion-7/,OptimizeImages,7.128800000000001
http://www.forsviksbruk.se/for-skolan/lektioner/lektion-7/,PrioritizeVisibleContent,0.0
http://www.forsviksbruk.se/for-skolan/lektioner/lektion-7/,SizeContentToViewport,0.0
http://www.forsviksbruk.se/for-skolan/lektioner/lektion-7/,SizeTapTargetsAppropriately,0.6122448979591836
http://www.forsviksbruk.se/for-skolan/lektioner/lektion-7/,UseLegibleFontSizes,0.0
http://www.forsviksbruk.se/utstallningar/byggnaderna-berattar/trasliperiet/,SPEED,85
http://www.forsviksbruk.se/utstallningar/byggnaderna-berattar/trasliperiet/,USABILITY,99
http://www.forsviksbruk.se/utstallningar/byggnaderna-berattar/trasliperiet/,numberResources,27
http://www.forsviksbruk.se/utstallningar/byggnaderna-berattar/trasliperiet/,numberHosts,3
http://www.forsviksbruk.se/utstallningar/byggnaderna-berattar/trasliperiet/,totalRequestBytes,2880
http://www.forsviksbruk.se/utstallningar/byggnaderna-berattar/trasliperiet/,numberStaticResources,23
http://www.forsviksbruk.se/utstallningar/byggnaderna-berattar/trasliperiet/,htmlResponseBytes,107857
http://www.forsviksbruk.se/utstallningar/byggnaderna-berattar/trasliperiet/,cssResponseBytes,125042
http://www.forsviksbruk.se/utstallningar/byggnaderna-berattar/trasliperiet/,imageResponseBytes,250648
http://www.forsviksbruk.se/utstallningar/byggnaderna-berattar/trasliperiet/,javascriptResponseBytes,407530
http://www.forsviksbruk.se/utstallningar/byggnaderna-berattar/trasliperiet/,otherResponseBytes,173656
http://www.forsviksbruk.se/utstallningar/byggnaderna-berattar/trasliperiet/,numberJsResources,3
http://www.forsviksbruk.se/utstallningar/byggnaderna-berattar/trasliperiet/,numberCssResources,2
http://www.forsviksbruk.se/utstallningar/byggnaderna-berattar/trasliperiet/,AvoidLandingPageRedirects,0.0
http://www.forsviksbruk.se/utstallningar/byggnaderna-berattar/trasliperiet/,AvoidPlugins,0.0
http://www.forsviksbruk.se/utstallningar/byggnaderna-berattar/trasliperiet/,ConfigureViewport,0.0
http://www.forsviksbruk.se/utstallningar/byggnaderna-berattar/trasliperiet/,EnableGzipCompression,0.0
http://www.forsviksbruk.se/utstallningar/byggnaderna-berattar/trasliperiet/,LeverageBrowserCaching,0.75
http://www.forsviksbruk.se/utstallningar/byggnaderna-berattar/trasliperiet/,MainResourceServerResponseTime,0.0
http://www.forsviksbruk.se/utstallningar/byggnaderna-berattar/trasliperiet/,MinifyCss,0.0
http://www.forsviksbruk.se/utstallningar/byggnaderna-berattar/trasliperiet/,MinifyHTML,0.0
http://www.forsviksbruk.se/utstallningar/byggnaderna-berattar/trasliperiet/,MinifyJavaScript,0.0
http://www.forsviksbruk.se/utstallningar/byggnaderna-berattar/trasliperiet/,MinimizeRenderBlockingResources,0.0
http://www.forsviksbruk.se/utstallningar/byggnaderna-berattar/trasliperiet/,OptimizeImages,7.128800000000001
http://www.forsviksbruk.se/utstallningar/byggnaderna-berattar/trasliperiet/,PrioritizeVisibleContent,8.0
http://www.forsviksbruk.se/utstallningar/byggnaderna-berattar/trasliperiet/,SizeContentToViewport,0.0
http://www.forsviksbruk.se/utstallningar/byggnaderna-berattar/trasliperiet/,SizeTapTargetsAppropriately,0.6122448979591836
http://www.forsviksbruk.se/utstallningar/byggnaderna-berattar/trasliperiet/,UseLegibleFontSizes,0.0
http://www.forsviksbruk.se/kunskap--fakta/bruksbilen/,SPEED,91
http://www.forsviksbruk.se/kunskap--fakta/bruksbilen/,USABILITY,99
http://www.forsviksbruk.se/kunskap--fakta/bruksbilen/,numberResources,27
http://www.forsviksbruk.se/kunskap--fakta/bruksbilen/,numberHosts,3
http://www.forsviksbruk.se/kunskap--fakta/bruksbilen/,totalRequestBytes,2867
http://www.forsviksbruk.se/kunskap--fakta/bruksbilen/,numberStaticResources,23
http://www.forsviksbruk.se/kunskap--fakta/bruksbilen/,htmlResponseBytes,105343
http://www.forsviksbruk.se/kunskap--fakta/bruksbilen/,cssResponseBytes,125042
http://www.forsviksbruk.se/kunskap--fakta/bruksbilen/,imageResponseBytes,236472
http://www.forsviksbruk.se/kunskap--fakta/bruksbilen/,javascriptResponseBytes,407530
http://www.forsviksbruk.se/kunskap--fakta/bruksbilen/,otherResponseBytes,173656
http://www.forsviksbruk.se/kunskap--fakta/bruksbilen/,numberJsResources,3
http://www.forsviksbruk.se/kunskap--fakta/bruksbilen/,numberCssResources,2
http://www.forsviksbruk.se/kunskap--fakta/bruksbilen/,AvoidLandingPageRedirects,0.0
http://www.forsviksbruk.se/kunskap--fakta/bruksbilen/,AvoidPlugins,0.0
http://www.forsviksbruk.se/kunskap--fakta/bruksbilen/,ConfigureViewport,0.0
http://www.forsviksbruk.se/kunskap--fakta/bruksbilen/,EnableGzipCompression,0.0
http://www.forsviksbruk.se/kunskap--fakta/bruksbilen/,LeverageBrowserCaching,0.75
http://www.forsviksbruk.se/kunskap--fakta/bruksbilen/,MainResourceServerResponseTime,0.0
http://www.forsviksbruk.se/kunskap--fakta/bruksbilen/,MinifyCss,0.0
http://www.forsviksbruk.se/kunskap--fakta/bruksbilen/,MinifyHTML,0.0
http://www.forsviksbruk.se/kunskap--fakta/bruksbilen/,MinifyJavaScript,0.0
http://www.forsviksbruk.se/kunskap--fakta/bruksbilen/,MinimizeRenderBlockingResources,0.0
http://www.forsviksbruk.se/kunskap--fakta/bruksbilen/,OptimizeImages,7.128800000000001
http://www.forsviksbruk.se/kunskap--fakta/bruksbilen/,PrioritizeVisibleContent,0.0
http://www.forsviksbruk.se/kunskap--fakta/bruksbilen/,SizeContentToViewport,0.0
http://www.forsviksbruk.se/kunskap--fakta/bruksbilen/,SizeTapTargetsAppropriately,0.6584362139917695
http://www.forsviksbruk.se/kunskap--fakta/bruksbilen/,UseLegibleFontSizes,0.0
http://www.forsviksbruk.se/en/exhibitions/the-pulp-mill/,SPEED,92
http://www.forsviksbruk.se/en/exhibitions/the-pulp-mill/,USABILITY,100
http://www.forsviksbruk.se/en/exhibitions/the-pulp-mill/,numberResources,25
http://www.forsviksbruk.se/en/exhibitions/the-pulp-mill/,numberHosts,2
http://www.forsviksbruk.se/en/exhibitions/the-pulp-mill/,totalRequestBytes,2622
http://www.forsviksbruk.se/en/exhibitions/the-pulp-mill/,numberStaticResources,21
http://www.forsviksbruk.se/en/exhibitions/the-pulp-mill/,htmlResponseBytes,80819
http://www.forsviksbruk.se/en/exhibitions/the-pulp-mill/,cssResponseBytes,125042
http://www.forsviksbruk.se/en/exhibitions/the-pulp-mill/,imageResponseBytes,244128
http://www.forsviksbruk.se/en/exhibitions/the-pulp-mill/,javascriptResponseBytes,407530
http://www.forsviksbruk.se/en/exhibitions/the-pulp-mill/,otherResponseBytes,173656
http://www.forsviksbruk.se/en/exhibitions/the-pulp-mill/,numberJsResources,3
http://www.forsviksbruk.se/en/exhibitions/the-pulp-mill/,numberCssResources,2
http://www.forsviksbruk.se/en/exhibitions/the-pulp-mill/,AvoidLandingPageRedirects,0.0
http://www.forsviksbruk.se/en/exhibitions/the-pulp-mill/,AvoidPlugins,0.0
http://www.forsviksbruk.se/en/exhibitions/the-pulp-mill/,ConfigureViewport,0.0
http://www.forsviksbruk.se/en/exhibitions/the-pulp-mill/,EnableGzipCompression,0.0
http://www.forsviksbruk.se/en/exhibitions/the-pulp-mill/,LeverageBrowserCaching,0.75
http://www.forsviksbruk.se/en/exhibitions/the-pulp-mill/,MainResourceServerResponseTime,0.0
http://www.forsviksbruk.se/en/exhibitions/the-pulp-mill/,MinifyCss,0.0
http://www.forsviksbruk.se/en/exhibitions/the-pulp-mill/,MinifyHTML,0.0
http://www.forsviksbruk.se/en/exhibitions/the-pulp-mill/,MinifyJavaScript,0.0
http://www.forsviksbruk.se/en/exhibitions/the-pulp-mill/,MinimizeRenderBlockingResources,0.0
http://www.forsviksbruk.se/en/exhibitions/the-pulp-mill/,OptimizeImages,6.880400000000001
http://www.forsviksbruk.se/en/exhibitions/the-pulp-mill/,PrioritizeVisibleContent,0.0
http://www.forsviksbruk.se/en/exhibitions/the-pulp-mill/,SizeContentToViewport,0.0
http://www.forsviksbruk.se/en/exhibitions/the-pulp-mill/,SizeTapTargetsAppropriately,0.0
http://www.forsviksbruk.se/en/exhibitions/the-pulp-mill/,UseLegibleFontSizes,0.0
http://www.forsviksbruk.se/utstallningar/trasliperiet/,SPEED,91
http://www.forsviksbruk.se/utstallningar/trasliperiet/,USABILITY,99
http://www.forsviksbruk.se/utstallningar/trasliperiet/,numberResources,27
http://www.forsviksbruk.se/utstallningar/trasliperiet/,numberHosts,3
http://www.forsviksbruk.se/utstallningar/trasliperiet/,totalRequestBytes,2836
http://www.forsviksbruk.se/utstallningar/trasliperiet/,numberStaticResources,23
http://www.forsviksbruk.se/utstallningar/trasliperiet/,htmlResponseBytes,108079
http://www.forsviksbruk.se/utstallningar/trasliperiet/,cssResponseBytes,125042
http://www.forsviksbruk.se/utstallningar/trasliperiet/,imageResponseBytes,268366
http://www.forsviksbruk.se/utstallningar/trasliperiet/,javascriptResponseBytes,407530
http://www.forsviksbruk.se/utstallningar/trasliperiet/,otherResponseBytes,173656
http://www.forsviksbruk.se/utstallningar/trasliperiet/,numberJsResources,3
http://www.forsviksbruk.se/utstallningar/trasliperiet/,numberCssResources,2
http://www.forsviksbruk.se/utstallningar/trasliperiet/,AvoidLandingPageRedirects,0.0
http://www.forsviksbruk.se/utstallningar/trasliperiet/,AvoidPlugins,0.0
http://www.forsviksbruk.se/utstallningar/trasliperiet/,ConfigureViewport,0.0
http://www.forsviksbruk.se/utstallningar/trasliperiet/,EnableGzipCompression,0.0
http://www.forsviksbruk.se/utstallningar/trasliperiet/,LeverageBrowserCaching,0.75
http://www.forsviksbruk.se/utstallningar/trasliperiet/,MainResourceServerResponseTime,0.0
http://www.forsviksbruk.se/utstallningar/trasliperiet/,MinifyCss,0.0
http://www.forsviksbruk.se/utstallningar/trasliperiet/,MinifyHTML,0.0
http://www.forsviksbruk.se/utstallningar/trasliperiet/,MinifyJavaScript,0.0
http://www.forsviksbruk.se/utstallningar/trasliperiet/,MinimizeRenderBlockingResources,0.0
http://www.forsviksbruk.se/utstallningar/trasliperiet/,OptimizeImages,7.128800000000001
http://www.forsviksbruk.se/utstallningar/trasliperiet/,PrioritizeVisibleContent,0.0
http://www.forsviksbruk.se/utstallningar/trasliperiet/,SizeContentToViewport,0.0
http://www.forsviksbruk.se/utstallningar/trasliperiet/,SizeTapTargetsAppropriately,0.6584362139917695
http://www.forsviksbruk.se/utstallningar/trasliperiet/,UseLegibleFontSizes,0.0
http://www.forsviksbruk.se/en/exhibitions/,SPEED,89
http://www.forsviksbruk.se/en/exhibitions/,USABILITY,100
http://www.forsviksbruk.se/en/exhibitions/,numberResources,29
http://www.forsviksbruk.se/en/exhibitions/,numberHosts,2
http://www.forsviksbruk.se/en/exhibitions/,totalRequestBytes,3159
http://www.forsviksbruk.se/en/exhibitions/,numberStaticResources,25
http://www.forsviksbruk.se/en/exhibitions/,htmlResponseBytes,89668
http://www.forsviksbruk.se/en/exhibitions/,cssResponseBytes,125042
http://www.forsviksbruk.se/en/exhibitions/,imageResponseBytes,499774
http://www.forsviksbruk.se/en/exhibitions/,javascriptResponseBytes,407530
http://www.forsviksbruk.se/en/exhibitions/,otherResponseBytes,173656
http://www.forsviksbruk.se/en/exhibitions/,numberJsResources,3
http://www.forsviksbruk.se/en/exhibitions/,numberCssResources,2
http://www.forsviksbruk.se/en/exhibitions/,AvoidLandingPageRedirects,0.0
http://www.forsviksbruk.se/en/exhibitions/,AvoidPlugins,0.0
http://www.forsviksbruk.se/en/exhibitions/,ConfigureViewport,0.0
http://www.forsviksbruk.se/en/exhibitions/,EnableGzipCompression,0.0
http://www.forsviksbruk.se/en/exhibitions/,LeverageBrowserCaching,0.75
http://www.forsviksbruk.se/en/exhibitions/,MainResourceServerResponseTime,3.045
http://www.forsviksbruk.se/en/exhibitions/,MinifyCss,0.0
http://www.forsviksbruk.se/en/exhibitions/,MinifyHTML,0.0
http://www.forsviksbruk.se/en/exhibitions/,MinifyJavaScript,0.0
http://www.forsviksbruk.se/en/exhibitions/,MinimizeRenderBlockingResources,0.0
http://www.forsviksbruk.se/en/exhibitions/,OptimizeImages,6.880400000000001
http://www.forsviksbruk.se/en/exhibitions/,PrioritizeVisibleContent,0.0
http://www.forsviksbruk.se/en/exhibitions/,SizeContentToViewport,0.0
http://www.forsviksbruk.se/en/exhibitions/,SizeTapTargetsAppropriately,0.0
http://www.forsviksbruk.se/en/exhibitions/,UseLegibleFontSizes,0.0
http://www.forsviksbruk.se/utstallningar/byggnaderna-berattar/kvarnen/,SPEED,83
http://www.forsviksbruk.se/utstallningar/byggnaderna-berattar/kvarnen/,USABILITY,99
http://www.forsviksbruk.se/utstallningar/byggnaderna-berattar/kvarnen/,numberResources,27
http://www.forsviksbruk.se/utstallningar/byggnaderna-berattar/kvarnen/,numberHosts,3
http://www.forsviksbruk.se/utstallningar/byggnaderna-berattar/kvarnen/,totalRequestBytes,2860
http://www.forsviksbruk.se/utstallningar/byggnaderna-berattar/kvarnen/,numberStaticResources,23
http://www.forsviksbruk.se/utstallningar/byggnaderna-berattar/kvarnen/,htmlResponseBytes,107093
http://www.forsviksbruk.se/utstallningar/byggnaderna-berattar/kvarnen/,cssResponseBytes,125042
http://www.forsviksbruk.se/utstallningar/byggnaderna-berattar/kvarnen/,imageResponseBytes,239620
http://www.forsviksbruk.se/utstallningar/byggnaderna-berattar/kvarnen/,javascriptResponseBytes,407530
http://www.forsviksbruk.se/utstallningar/byggnaderna-berattar/kvarnen/,otherResponseBytes,173656
http://www.forsviksbruk.se/utstallningar/byggnaderna-berattar/kvarnen/,numberJsResources,3
http://www.forsviksbruk.se/utstallningar/byggnaderna-berattar/kvarnen/,numberCssResources,2
http://www.forsviksbruk.se/utstallningar/byggnaderna-berattar/kvarnen/,AvoidLandingPageRedirects,0.0
http://www.forsviksbruk.se/utstallningar/byggnaderna-berattar/kvarnen/,AvoidPlugins,0.0
http://www.forsviksbruk.se/utstallningar/byggnaderna-berattar/kvarnen/,ConfigureViewport,0.0
http://www.forsviksbruk.se/utstallningar/byggnaderna-berattar/kvarnen/,EnableGzipCompression,0.0
http://www.forsviksbruk.se/utstallningar/byggnaderna-berattar/kvarnen/,LeverageBrowserCaching,0.75
http://www.forsviksbruk.se/utstallningar/byggnaderna-berattar/kvarnen/,MainResourceServerResponseTime,3.27
http://www.forsviksbruk.se/utstallningar/byggnaderna-berattar/kvarnen/,MinifyCss,0.0
http://www.forsviksbruk.se/utstallningar/byggnaderna-berattar/kvarnen/,MinifyHTML,0.0
http://www.forsviksbruk.se/utstallningar/byggnaderna-berattar/kvarnen/,MinifyJavaScript,0.0
http://www.forsviksbruk.se/utstallningar/byggnaderna-berattar/kvarnen/,MinimizeRenderBlockingResources,0.0
http://www.forsviksbruk.se/utstallningar/byggnaderna-berattar/kvarnen/,OptimizeImages,7.128800000000001
http://www.forsviksbruk.se/utstallningar/byggnaderna-berattar/kvarnen/,PrioritizeVisibleContent,8.0
http://www.forsviksbruk.se/utstallningar/byggnaderna-berattar/kvarnen/,SizeContentToViewport,0.0
http://www.forsviksbruk.se/utstallningar/byggnaderna-berattar/kvarnen/,SizeTapTargetsAppropriately,0.6122448979591836
http://www.forsviksbruk.se/utstallningar/byggnaderna-berattar/kvarnen/,UseLegibleFontSizes,0.0
http://www.forsviksbruk.se/besok-oss/kafe-ada/,SPEED,85
http://www.forsviksbruk.se/besok-oss/kafe-ada/,USABILITY,99
http://www.forsviksbruk.se/besok-oss/kafe-ada/,numberResources,27
http://www.forsviksbruk.se/besok-oss/kafe-ada/,numberHosts,3
http://www.forsviksbruk.se/besok-oss/kafe-ada/,totalRequestBytes,2818
http://www.forsviksbruk.se/besok-oss/kafe-ada/,numberStaticResources,23
http://www.forsviksbruk.se/besok-oss/kafe-ada/,htmlResponseBytes,105150
http://www.forsviksbruk.se/besok-oss/kafe-ada/,cssResponseBytes,125042
http://www.forsviksbruk.se/besok-oss/kafe-ada/,imageResponseBytes,269966
http://www.forsviksbruk.se/besok-oss/kafe-ada/,javascriptResponseBytes,407530
http://www.forsviksbruk.se/besok-oss/kafe-ada/,otherResponseBytes,173656
http://www.forsviksbruk.se/besok-oss/kafe-ada/,numberJsResources,3
http://www.forsviksbruk.se/besok-oss/kafe-ada/,numberCssResources,2
http://www.forsviksbruk.se/besok-oss/kafe-ada/,AvoidLandingPageRedirects,0.0
http://www.forsviksbruk.se/besok-oss/kafe-ada/,AvoidPlugins,0.0
http://www.forsviksbruk.se/besok-oss/kafe-ada/,ConfigureViewport,0.0
http://www.forsviksbruk.se/besok-oss/kafe-ada/,EnableGzipCompression,0.0
http://www.forsviksbruk.se/besok-oss/kafe-ada/,LeverageBrowserCaching,0.75
http://www.forsviksbruk.se/besok-oss/kafe-ada/,MainResourceServerResponseTime,0.0
http://www.forsviksbruk.se/besok-oss/kafe-ada/,MinifyCss,0.0
http://www.forsviksbruk.se/besok-oss/kafe-ada/,MinifyHTML,0.0
http://www.forsviksbruk.se/besok-oss/kafe-ada/,MinifyJavaScript,0.0
http://www.forsviksbruk.se/besok-oss/kafe-ada/,MinimizeRenderBlockingResources,0.0
http://www.forsviksbruk.se/besok-oss/kafe-ada/,OptimizeImages,7.128800000000001
http://www.forsviksbruk.se/besok-oss/kafe-ada/,PrioritizeVisibleContent,8.0
http://www.forsviksbruk.se/besok-oss/kafe-ada/,SizeContentToViewport,0.0
http://www.forsviksbruk.se/besok-oss/kafe-ada/,SizeTapTargetsAppropriately,0.4994797086368366
http://www.forsviksbruk.se/besok-oss/kafe-ada/,UseLegibleFontSizes,0.0
http://www.forsviksbruk.se/for-skolan/infor-besoket/,SPEED,83
http://www.forsviksbruk.se/for-skolan/infor-besoket/,USABILITY,99
http://www.forsviksbruk.se/for-skolan/infor-besoket/,numberResources,27
http://www.forsviksbruk.se/for-skolan/infor-besoket/,numberHosts,3
http://www.forsviksbruk.se/for-skolan/infor-besoket/,totalRequestBytes,2834
http://www.forsviksbruk.se/for-skolan/infor-besoket/,numberStaticResources,23
http://www.forsviksbruk.se/for-skolan/infor-besoket/,htmlResponseBytes,105703
http://www.forsviksbruk.se/for-skolan/infor-besoket/,cssResponseBytes,125042
http://www.forsviksbruk.se/for-skolan/infor-besoket/,imageResponseBytes,252639
http://www.forsviksbruk.se/for-skolan/infor-besoket/,javascriptResponseBytes,407530
http://www.forsviksbruk.se/for-skolan/infor-besoket/,otherResponseBytes,173656
http://www.forsviksbruk.se/for-skolan/infor-besoket/,numberJsResources,3
http://www.forsviksbruk.se/for-skolan/infor-besoket/,numberCssResources,2
http://www.forsviksbruk.se/for-skolan/infor-besoket/,AvoidLandingPageRedirects,0.0
http://www.forsviksbruk.se/for-skolan/infor-besoket/,AvoidPlugins,0.0
http://www.forsviksbruk.se/for-skolan/infor-besoket/,ConfigureViewport,0.0
http://www.forsviksbruk.se/for-skolan/infor-besoket/,EnableGzipCompression,0.0
http://www.forsviksbruk.se/for-skolan/infor-besoket/,LeverageBrowserCaching,0.75
http://www.forsviksbruk.se/for-skolan/infor-besoket/,MainResourceServerResponseTime,2.475
http://www.forsviksbruk.se/for-skolan/infor-besoket/,MinifyCss,0.0
http://www.forsviksbruk.se/for-skolan/infor-besoket/,MinifyHTML,0.0
http://www.forsviksbruk.se/for-skolan/infor-besoket/,MinifyJavaScript,0.0
http://www.forsviksbruk.se/for-skolan/infor-besoket/,MinimizeRenderBlockingResources,0.0
http://www.forsviksbruk.se/for-skolan/infor-besoket/,OptimizeImages,7.128800000000001
http://www.forsviksbruk.se/for-skolan/infor-besoket/,PrioritizeVisibleContent,8.0
http://www.forsviksbruk.se/for-skolan/infor-besoket/,SizeContentToViewport,0.0
http://www.forsviksbruk.se/for-skolan/infor-besoket/,SizeTapTargetsAppropriately,0.440771349862259
http://www.forsviksbruk.se/for-skolan/infor-besoket/,UseLegibleFontSizes,0.0
http://www.forsviksbruk.se/utstallningar/byggnaderna-berattar/gjuteriet/,SPEED,85
http://www.forsviksbruk.se/utstallningar/byggnaderna-berattar/gjuteriet/,USABILITY,99
http://www.forsviksbruk.se/utstallningar/byggnaderna-berattar/gjuteriet/,numberResources,28
http://www.forsviksbruk.se/utstallningar/byggnaderna-berattar/gjuteriet/,numberHosts,3
http://www.forsviksbruk.se/utstallningar/byggnaderna-berattar/gjuteriet/,totalRequestBytes,3011
http://www.forsviksbruk.se/utstallningar/byggnaderna-berattar/gjuteriet/,numberStaticResources,24
http://www.forsviksbruk.se/utstallningar/byggnaderna-berattar/gjuteriet/,htmlResponseBytes,110781
http://www.forsviksbruk.se/utstallningar/byggnaderna-berattar/gjuteriet/,cssResponseBytes,125042
http://www.forsviksbruk.se/utstallningar/byggnaderna-berattar/gjuteriet/,imageResponseBytes,354337
http://www.forsviksbruk.se/utstallningar/byggnaderna-berattar/gjuteriet/,javascriptResponseBytes,407530
http://www.forsviksbruk.se/utstallningar/byggnaderna-berattar/gjuteriet/,otherResponseBytes,173656
http://www.forsviksbruk.se/utstallningar/byggnaderna-berattar/gjuteriet/,numberJsResources,3
http://www.forsviksbruk.se/utstallningar/byggnaderna-berattar/gjuteriet/,numberCssResources,2
http://www.forsviksbruk.se/utstallningar/byggnaderna-berattar/gjuteriet/,AvoidLandingPageRedirects,0.0
http://www.forsviksbruk.se/utstallningar/byggnaderna-berattar/gjuteriet/,AvoidPlugins,0.0
http://www.forsviksbruk.se/utstallningar/byggnaderna-berattar/gjuteriet/,ConfigureViewport,0.0
http://www.forsviksbruk.se/utstallningar/byggnaderna-berattar/gjuteriet/,EnableGzipCompression,0.0
http://www.forsviksbruk.se/utstallningar/byggnaderna-berattar/gjuteriet/,LeverageBrowserCaching,0.75
http://www.forsviksbruk.se/utstallningar/byggnaderna-berattar/gjuteriet/,MainResourceServerResponseTime,0.0
http://www.forsviksbruk.se/utstallningar/byggnaderna-berattar/gjuteriet/,MinifyCss,0.0
http://www.forsviksbruk.se/utstallningar/byggnaderna-berattar/gjuteriet/,MinifyHTML,0.0
http://www.forsviksbruk.se/utstallningar/byggnaderna-berattar/gjuteriet/,MinifyJavaScript,0.0
http://www.forsviksbruk.se/utstallningar/byggnaderna-berattar/gjuteriet/,MinimizeRenderBlockingResources,0.0
http://www.forsviksbruk.se/utstallningar/byggnaderna-berattar/gjuteriet/,OptimizeImages,7.128800000000001
http://www.forsviksbruk.se/utstallningar/byggnaderna-berattar/gjuteriet/,PrioritizeVisibleContent,8.0
http://www.forsviksbruk.se/utstallningar/byggnaderna-berattar/gjuteriet/,SizeContentToViewport,0.0
http://www.forsviksbruk.se/utstallningar/byggnaderna-berattar/gjuteriet/,SizeTapTargetsAppropriately,0.46875
http://www.forsviksbruk.se/utstallningar/byggnaderna-berattar/gjuteriet/,UseLegibleFontSizes,0.0
http://www.forsviksbruk.se/utstallningar/gjutmodellutstallningen/,SPEED,91
http://www.forsviksbruk.se/utstallningar/gjutmodellutstallningen/,USABILITY,99
http://www.forsviksbruk.se/utstallningar/gjutmodellutstallningen/,numberResources,27
http://www.forsviksbruk.se/utstallningar/gjutmodellutstallningen/,numberHosts,3
http://www.forsviksbruk.se/utstallningar/gjutmodellutstallningen/,totalRequestBytes,2869
http://www.forsviksbruk.se/utstallningar/gjutmodellutstallningen/,numberStaticResources,23
http://www.forsviksbruk.se/utstallningar/gjutmodellutstallningen/,htmlResponseBytes,108510
http://www.forsviksbruk.se/utstallningar/gjutmodellutstallningen/,cssResponseBytes,125042
http://www.forsviksbruk.se/utstallningar/gjutmodellutstallningen/,imageResponseBytes,213293
http://www.forsviksbruk.se/utstallningar/gjutmodellutstallningen/,javascriptResponseBytes,407530
http://www.forsviksbruk.se/utstallningar/gjutmodellutstallningen/,otherResponseBytes,173656
http://www.forsviksbruk.se/utstallningar/gjutmodellutstallningen/,numberJsResources,3
http://www.forsviksbruk.se/utstallningar/gjutmodellutstallningen/,numberCssResources,2
http://www.forsviksbruk.se/utstallningar/gjutmodellutstallningen/,AvoidLandingPageRedirects,0.0
http://www.forsviksbruk.se/utstallningar/gjutmodellutstallningen/,AvoidPlugins,0.0
http://www.forsviksbruk.se/utstallningar/gjutmodellutstallningen/,ConfigureViewport,0.0
http://www.forsviksbruk.se/utstallningar/gjutmodellutstallningen/,EnableGzipCompression,0.0
http://www.forsviksbruk.se/utstallningar/gjutmodellutstallningen/,LeverageBrowserCaching,0.75
http://www.forsviksbruk.se/utstallningar/gjutmodellutstallningen/,MainResourceServerResponseTime,0.0
http://www.forsviksbruk.se/utstallningar/gjutmodellutstallningen/,MinifyCss,0.0
http://www.forsviksbruk.se/utstallningar/gjutmodellutstallningen/,MinifyHTML,0.0
http://www.forsviksbruk.se/utstallningar/gjutmodellutstallningen/,MinifyJavaScript,0.0
http://www.forsviksbruk.se/utstallningar/gjutmodellutstallningen/,MinimizeRenderBlockingResources,0.0
http://www.forsviksbruk.se/utstallningar/gjutmodellutstallningen/,OptimizeImages,7.128800000000001
http://www.forsviksbruk.se/utstallningar/gjutmodellutstallningen/,PrioritizeVisibleContent,0.0
http://www.forsviksbruk.se/utstallningar/gjutmodellutstallningen/,SizeContentToViewport,0.0
http://www.forsviksbruk.se/utstallningar/gjutmodellutstallningen/,SizeTapTargetsAppropriately,0.6584362139917695
http://www.forsviksbruk.se/utstallningar/gjutmodellutstallningen/,UseLegibleFontSizes,0.0
http://www.forsviksbruk.se/en/exhibitions/byggnaderna-berattar/foundry-and-forge/,SPEED,92
http://www.forsviksbruk.se/en/exhibitions/byggnaderna-berattar/foundry-and-forge/,USABILITY,100
http://www.forsviksbruk.se/en/exhibitions/byggnaderna-berattar/foundry-and-forge/,numberResources,24
http://www.forsviksbruk.se/en/exhibitions/byggnaderna-berattar/foundry-and-forge/,numberHosts,2
http://www.forsviksbruk.se/en/exhibitions/byggnaderna-berattar/foundry-and-forge/,totalRequestBytes,2526
http://www.forsviksbruk.se/en/exhibitions/byggnaderna-berattar/foundry-and-forge/,numberStaticResources,20
http://www.forsviksbruk.se/en/exhibitions/byggnaderna-berattar/foundry-and-forge/,htmlResponseBytes,79112
http://www.forsviksbruk.se/en/exhibitions/byggnaderna-berattar/foundry-and-forge/,cssResponseBytes,125042
http://www.forsviksbruk.se/en/exhibitions/byggnaderna-berattar/foundry-and-forge/,imageResponseBytes,122028
http://www.forsviksbruk.se/en/exhibitions/byggnaderna-berattar/foundry-and-forge/,javascriptResponseBytes,407530
http://www.forsviksbruk.se/en/exhibitions/byggnaderna-berattar/foundry-and-forge/,otherResponseBytes,173656
http://www.forsviksbruk.se/en/exhibitions/byggnaderna-berattar/foundry-and-forge/,numberJsResources,3
http://www.forsviksbruk.se/en/exhibitions/byggnaderna-berattar/foundry-and-forge/,numberCssResources,2
http://www.forsviksbruk.se/en/exhibitions/byggnaderna-berattar/foundry-and-forge/,AvoidLandingPageRedirects,0.0
http://www.forsviksbruk.se/en/exhibitions/byggnaderna-berattar/foundry-and-forge/,AvoidPlugins,0.0
http://www.forsviksbruk.se/en/exhibitions/byggnaderna-berattar/foundry-and-forge/,ConfigureViewport,0.0
http://www.forsviksbruk.se/en/exhibitions/byggnaderna-berattar/foundry-and-forge/,EnableGzipCompression,0.0
http://www.forsviksbruk.se/en/exhibitions/byggnaderna-berattar/foundry-and-forge/,LeverageBrowserCaching,0.75
http://www.forsviksbruk.se/en/exhibitions/byggnaderna-berattar/foundry-and-forge/,MainResourceServerResponseTime,0.0
http://www.forsviksbruk.se/en/exhibitions/byggnaderna-berattar/foundry-and-forge/,MinifyCss,0.0
http://www.forsviksbruk.se/en/exhibitions/byggnaderna-berattar/foundry-and-forge/,MinifyHTML,0.0
http://www.forsviksbruk.se/en/exhibitions/byggnaderna-berattar/foundry-and-forge/,MinifyJavaScript,0.0
http://www.forsviksbruk.se/en/exhibitions/byggnaderna-berattar/foundry-and-forge/,MinimizeRenderBlockingResources,0.0
http://www.forsviksbruk.se/en/exhibitions/byggnaderna-berattar/foundry-and-forge/,OptimizeImages,6.880400000000001
http://www.forsviksbruk.se/en/exhibitions/byggnaderna-berattar/foundry-and-forge/,PrioritizeVisibleContent,0.0
http://www.forsviksbruk.se/en/exhibitions/byggnaderna-berattar/foundry-and-forge/,SizeContentToViewport,0.0
http://www.forsviksbruk.se/en/exhibitions/byggnaderna-berattar/foundry-and-forge/,SizeTapTargetsAppropriately,0.0
http://www.forsviksbruk.se/en/exhibitions/byggnaderna-berattar/foundry-and-forge/,UseLegibleFontSizes,0.0
http://www.forsviksbruk.se/en/kunskap--fakta/augusta-backman-would-rather-die-than-have-a-child-out-of-wedlock/,SPEED,92
http://www.forsviksbruk.se/en/kunskap--fakta/augusta-backman-would-rather-die-than-have-a-child-out-of-wedlock/,USABILITY,100
http://www.forsviksbruk.se/en/kunskap--fakta/augusta-backman-would-rather-die-than-have-a-child-out-of-wedlock/,numberResources,25
http://www.forsviksbruk.se/en/kunskap--fakta/augusta-backman-would-rather-die-than-have-a-child-out-of-wedlock/,numberHosts,2
http://www.forsviksbruk.se/en/kunskap--fakta/augusta-backman-would-rather-die-than-have-a-child-out-of-wedlock/,totalRequestBytes,2799
http://www.forsviksbruk.se/en/kunskap--fakta/augusta-backman-would-rather-die-than-have-a-child-out-of-wedlock/,numberStaticResources,21
http://www.forsviksbruk.se/en/kunskap--fakta/augusta-backman-would-rather-die-than-have-a-child-out-of-wedlock/,htmlResponseBytes,83973
http://www.forsviksbruk.se/en/kunskap--fakta/augusta-backman-would-rather-die-than-have-a-child-out-of-wedlock/,cssResponseBytes,125042
http://www.forsviksbruk.se/en/kunskap--fakta/augusta-backman-would-rather-die-than-have-a-child-out-of-wedlock/,imageResponseBytes,242185
http://www.forsviksbruk.se/en/kunskap--fakta/augusta-backman-would-rather-die-than-have-a-child-out-of-wedlock/,javascriptResponseBytes,407530
http://www.forsviksbruk.se/en/kunskap--fakta/augusta-backman-would-rather-die-than-have-a-child-out-of-wedlock/,otherResponseBytes,173656
http://www.forsviksbruk.se/en/kunskap--fakta/augusta-backman-would-rather-die-than-have-a-child-out-of-wedlock/,numberJsResources,3
http://www.forsviksbruk.se/en/kunskap--fakta/augusta-backman-would-rather-die-than-have-a-child-out-of-wedlock/,numberCssResources,2
http://www.forsviksbruk.se/en/kunskap--fakta/augusta-backman-would-rather-die-than-have-a-child-out-of-wedlock/,AvoidLandingPageRedirects,0.0
http://www.forsviksbruk.se/en/kunskap--fakta/augusta-backman-would-rather-die-than-have-a-child-out-of-wedlock/,AvoidPlugins,0.0
http://www.forsviksbruk.se/en/kunskap--fakta/augusta-backman-would-rather-die-than-have-a-child-out-of-wedlock/,ConfigureViewport,0.0
http://www.forsviksbruk.se/en/kunskap--fakta/augusta-backman-would-rather-die-than-have-a-child-out-of-wedlock/,EnableGzipCompression,0.0
http://www.forsviksbruk.se/en/kunskap--fakta/augusta-backman-would-rather-die-than-have-a-child-out-of-wedlock/,LeverageBrowserCaching,0.75
http://www.forsviksbruk.se/en/kunskap--fakta/augusta-backman-would-rather-die-than-have-a-child-out-of-wedlock/,MainResourceServerResponseTime,0.0
http://www.forsviksbruk.se/en/kunskap--fakta/augusta-backman-would-rather-die-than-have-a-child-out-of-wedlock/,MinifyCss,0.0
http://www.forsviksbruk.se/en/kunskap--fakta/augusta-backman-would-rather-die-than-have-a-child-out-of-wedlock/,MinifyHTML,0.0
http://www.forsviksbruk.se/en/kunskap--fakta/augusta-backman-would-rather-die-than-have-a-child-out-of-wedlock/,MinifyJavaScript,0.0
http://www.forsviksbruk.se/en/kunskap--fakta/augusta-backman-would-rather-die-than-have-a-child-out-of-wedlock/,MinimizeRenderBlockingResources,0.0
http://www.forsviksbruk.se/en/kunskap--fakta/augusta-backman-would-rather-die-than-have-a-child-out-of-wedlock/,OptimizeImages,6.880400000000001
http://www.forsviksbruk.se/en/kunskap--fakta/augusta-backman-would-rather-die-than-have-a-child-out-of-wedlock/,PrioritizeVisibleContent,0.0
http://www.forsviksbruk.se/en/kunskap--fakta/augusta-backman-would-rather-die-than-have-a-child-out-of-wedlock/,SizeContentToViewport,0.0
http://www.forsviksbruk.se/en/kunskap--fakta/augusta-backman-would-rather-die-than-have-a-child-out-of-wedlock/,SizeTapTargetsAppropriately,0.0
http://www.forsviksbruk.se/en/kunskap--fakta/augusta-backman-would-rather-die-than-have-a-child-out-of-wedlock/,UseLegibleFontSizes,0.0
http://www.forsviksbruk.se/utstallningar/ljuset-och-kraften/,SPEED,91
http://www.forsviksbruk.se/utstallningar/ljuset-och-kraften/,USABILITY,99
http://www.forsviksbruk.se/utstallningar/ljuset-och-kraften/,numberResources,27
http://www.forsviksbruk.se/utstallningar/ljuset-och-kraften/,numberHosts,3
http://www.forsviksbruk.se/utstallningar/ljuset-och-kraften/,totalRequestBytes,2852
http://www.forsviksbruk.se/utstallningar/ljuset-och-kraften/,numberStaticResources,23
http://www.forsviksbruk.se/utstallningar/ljuset-och-kraften/,htmlResponseBytes,108235
http://www.forsviksbruk.se/utstallningar/ljuset-och-kraften/,cssResponseBytes,125042
http://www.forsviksbruk.se/utstallningar/ljuset-och-kraften/,imageResponseBytes,231564
http://www.forsviksbruk.se/utstallningar/ljuset-och-kraften/,javascriptResponseBytes,407530
http://www.forsviksbruk.se/utstallningar/ljuset-och-kraften/,otherResponseBytes,173656
http://www.forsviksbruk.se/utstallningar/ljuset-och-kraften/,numberJsResources,3
http://www.forsviksbruk.se/utstallningar/ljuset-och-kraften/,numberCssResources,2
http://www.forsviksbruk.se/utstallningar/ljuset-och-kraften/,AvoidLandingPageRedirects,0.0
http://www.forsviksbruk.se/utstallningar/ljuset-och-kraften/,AvoidPlugins,0.0
http://www.forsviksbruk.se/utstallningar/ljuset-och-kraften/,ConfigureViewport,0.0
http://www.forsviksbruk.se/utstallningar/ljuset-och-kraften/,EnableGzipCompression,0.0
http://www.forsviksbruk.se/utstallningar/ljuset-och-kraften/,LeverageBrowserCaching,0.75
http://www.forsviksbruk.se/utstallningar/ljuset-och-kraften/,MainResourceServerResponseTime,0.9
http://www.forsviksbruk.se/utstallningar/ljuset-och-kraften/,MinifyCss,0.0
http://www.forsviksbruk.se/utstallningar/ljuset-och-kraften/,MinifyHTML,0.0
http://www.forsviksbruk.se/utstallningar/ljuset-och-kraften/,MinifyJavaScript,0.0
http://www.forsviksbruk.se/utstallningar/ljuset-och-kraften/,MinimizeRenderBlockingResources,0.0
http://www.forsviksbruk.se/utstallningar/ljuset-och-kraften/,OptimizeImages,7.128800000000001
http://www.forsviksbruk.se/utstallningar/ljuset-och-kraften/,PrioritizeVisibleContent,0.0
http://www.forsviksbruk.se/utstallningar/ljuset-och-kraften/,SizeContentToViewport,0.0
http://www.forsviksbruk.se/utstallningar/ljuset-och-kraften/,SizeTapTargetsAppropriately,0.6584362139917695
http://www.forsviksbruk.se/utstallningar/ljuset-och-kraften/,UseLegibleFontSizes,0.0
http://www.forsviksbruk.se/for-skolan/lektioner/lektion-9/,SPEED,85
http://www.forsviksbruk.se/for-skolan/lektioner/lektion-9/,USABILITY,99
http://www.forsviksbruk.se/for-skolan/lektioner/lektion-9/,numberResources,27
http://www.forsviksbruk.se/for-skolan/lektioner/lektion-9/,numberHosts,3
http://www.forsviksbruk.se/for-skolan/lektioner/lektion-9/,totalRequestBytes,2853
http://www.forsviksbruk.se/for-skolan/lektioner/lektion-9/,numberStaticResources,23
http://www.forsviksbruk.se/for-skolan/lektioner/lektion-9/,htmlResponseBytes,105875
http://www.forsviksbruk.se/for-skolan/lektioner/lektion-9/,cssResponseBytes,125042
http://www.forsviksbruk.se/for-skolan/lektioner/lektion-9/,imageResponseBytes,273432
http://www.forsviksbruk.se/for-skolan/lektioner/lektion-9/,javascriptResponseBytes,407530
http://www.forsviksbruk.se/for-skolan/lektioner/lektion-9/,otherResponseBytes,173656
http://www.forsviksbruk.se/for-skolan/lektioner/lektion-9/,numberJsResources,3
http://www.forsviksbruk.se/for-skolan/lektioner/lektion-9/,numberCssResources,2
http://www.forsviksbruk.se/for-skolan/lektioner/lektion-9/,AvoidLandingPageRedirects,0.0
http://www.forsviksbruk.se/for-skolan/lektioner/lektion-9/,AvoidPlugins,0.0
http://www.forsviksbruk.se/for-skolan/lektioner/lektion-9/,ConfigureViewport,0.0
http://www.forsviksbruk.se/for-skolan/lektioner/lektion-9/,EnableGzipCompression,0.0
http://www.forsviksbruk.se/for-skolan/lektioner/lektion-9/,LeverageBrowserCaching,0.75
http://www.forsviksbruk.se/for-skolan/lektioner/lektion-9/,MainResourceServerResponseTime,0.0
http://www.forsviksbruk.se/for-skolan/lektioner/lektion-9/,MinifyCss,0.0
http://www.forsviksbruk.se/for-skolan/lektioner/lektion-9/,MinifyHTML,0.0
http://www.forsviksbruk.se/for-skolan/lektioner/lektion-9/,MinifyJavaScript,0.0
http://www.forsviksbruk.se/for-skolan/lektioner/lektion-9/,MinimizeRenderBlockingResources,0.0
http://www.forsviksbruk.se/for-skolan/lektioner/lektion-9/,OptimizeImages,7.128800000000001
http://www.forsviksbruk.se/for-skolan/lektioner/lektion-9/,PrioritizeVisibleContent,8.0
http://www.forsviksbruk.se/for-skolan/lektioner/lektion-9/,SizeContentToViewport,0.0
http://www.forsviksbruk.se/for-skolan/lektioner/lektion-9/,SizeTapTargetsAppropriately,0.5333333333333333
http://www.forsviksbruk.se/for-skolan/lektioner/lektion-9/,UseLegibleFontSizes,0.0
http://www.forsviksbruk.se/for-skolan/,SPEED,85
http://www.forsviksbruk.se/for-skolan/,USABILITY,99
http://www.forsviksbruk.se/for-skolan/,numberResources,30
http://www.forsviksbruk.se/for-skolan/,numberHosts,3
http://www.forsviksbruk.se/for-skolan/,totalRequestBytes,3236
http://www.forsviksbruk.se/for-skolan/,numberStaticResources,26
http://www.forsviksbruk.se/for-skolan/,htmlResponseBytes,111169
http://www.forsviksbruk.se/for-skolan/,cssResponseBytes,125042
http://www.forsviksbruk.se/for-skolan/,imageResponseBytes,492692
http://www.forsviksbruk.se/for-skolan/,javascriptResponseBytes,407530
http://www.forsviksbruk.se/for-skolan/,otherResponseBytes,173656
http://www.forsviksbruk.se/for-skolan/,numberJsResources,3
http://www.forsviksbruk.se/for-skolan/,numberCssResources,2
http://www.forsviksbruk.se/for-skolan/,AvoidLandingPageRedirects,0.0
http://www.forsviksbruk.se/for-skolan/,AvoidPlugins,0.0
http://www.forsviksbruk.se/for-skolan/,ConfigureViewport,0.0
http://www.forsviksbruk.se/for-skolan/,EnableGzipCompression,0.0
http://www.forsviksbruk.se/for-skolan/,LeverageBrowserCaching,0.75
http://www.forsviksbruk.se/for-skolan/,MainResourceServerResponseTime,0.0
http://www.forsviksbruk.se/for-skolan/,MinifyCss,0.0
http://www.forsviksbruk.se/for-skolan/,MinifyHTML,0.0
http://www.forsviksbruk.se/for-skolan/,MinifyJavaScript,0.0
http://www.forsviksbruk.se/for-skolan/,MinimizeRenderBlockingResources,0.0
http://www.forsviksbruk.se/for-skolan/,OptimizeImages,7.128800000000001
http://www.forsviksbruk.se/for-skolan/,PrioritizeVisibleContent,8.0
http://www.forsviksbruk.se/for-skolan/,SizeContentToViewport,0.0
http://www.forsviksbruk.se/for-skolan/,SizeTapTargetsAppropriately,0.5707491082045184
http://www.forsviksbruk.se/for-skolan/,UseLegibleFontSizes,0.0
http://www.forsviksbruk.se/en/kunskap--fakta/the-woman-who-ran-forsviks-bruk-for-40-years/,SPEED,91
http://www.forsviksbruk.se/en/kunskap--fakta/the-woman-who-ran-forsviks-bruk-for-40-years/,USABILITY,100
http://www.forsviksbruk.se/en/kunskap--fakta/the-woman-who-ran-forsviks-bruk-for-40-years/,numberResources,25
http://www.forsviksbruk.se/en/kunskap--fakta/the-woman-who-ran-forsviks-bruk-for-40-years/,numberHosts,2
http://www.forsviksbruk.se/en/kunskap--fakta/the-woman-who-ran-forsviks-bruk-for-40-years/,totalRequestBytes,2726
http://www.forsviksbruk.se/en/kunskap--fakta/the-woman-who-ran-forsviks-bruk-for-40-years/,numberStaticResources,21
http://www.forsviksbruk.se/en/kunskap--fakta/the-woman-who-ran-forsviks-bruk-for-40-years/,htmlResponseBytes,89429
http://www.forsviksbruk.se/en/kunskap--fakta/the-woman-who-ran-forsviks-bruk-for-40-years/,cssResponseBytes,125042
http://www.forsviksbruk.se/en/kunskap--fakta/the-woman-who-ran-forsviks-bruk-for-40-years/,imageResponseBytes,168352
http://www.forsviksbruk.se/en/kunskap--fakta/the-woman-who-ran-forsviks-bruk-for-40-years/,javascriptResponseBytes,407530
http://www.forsviksbruk.se/en/kunskap--fakta/the-woman-who-ran-forsviks-bruk-for-40-years/,otherResponseBytes,173656
http://www.forsviksbruk.se/en/kunskap--fakta/the-woman-who-ran-forsviks-bruk-for-40-years/,numberJsResources,3
http://www.forsviksbruk.se/en/kunskap--fakta/the-woman-who-ran-forsviks-bruk-for-40-years/,numberCssResources,2
http://www.forsviksbruk.se/en/kunskap--fakta/the-woman-who-ran-forsviks-bruk-for-40-years/,AvoidLandingPageRedirects,0.0
http://www.forsviksbruk.se/en/kunskap--fakta/the-woman-who-ran-forsviks-bruk-for-40-years/,AvoidPlugins,0.0
http://www.forsviksbruk.se/en/kunskap--fakta/the-woman-who-ran-forsviks-bruk-for-40-years/,ConfigureViewport,0.0
http://www.forsviksbruk.se/en/kunskap--fakta/the-woman-who-ran-forsviks-bruk-for-40-years/,EnableGzipCompression,0.0
http://www.forsviksbruk.se/en/kunskap--fakta/the-woman-who-ran-forsviks-bruk-for-40-years/,LeverageBrowserCaching,0.75
http://www.forsviksbruk.se/en/kunskap--fakta/the-woman-who-ran-forsviks-bruk-for-40-years/,MainResourceServerResponseTime,0.975
http://www.forsviksbruk.se/en/kunskap--fakta/the-woman-who-ran-forsviks-bruk-for-40-years/,MinifyCss,0.0
http://www.forsviksbruk.se/en/kunskap--fakta/the-woman-who-ran-forsviks-bruk-for-40-years/,MinifyHTML,0.0
http://www.forsviksbruk.se/en/kunskap--fakta/the-woman-who-ran-forsviks-bruk-for-40-years/,MinifyJavaScript,0.0
http://www.forsviksbruk.se/en/kunskap--fakta/the-woman-who-ran-forsviks-bruk-for-40-years/,MinimizeRenderBlockingResources,0.0
http://www.forsviksbruk.se/en/kunskap--fakta/the-woman-who-ran-forsviks-bruk-for-40-years/,OptimizeImages,6.880400000000001
http://www.forsviksbruk.se/en/kunskap--fakta/the-woman-who-ran-forsviks-bruk-for-40-years/,PrioritizeVisibleContent,0.0
http://www.forsviksbruk.se/en/kunskap--fakta/the-woman-who-ran-forsviks-bruk-for-40-years/,SizeContentToViewport,0.0
http://www.forsviksbruk.se/en/kunskap--fakta/the-woman-who-ran-forsviks-bruk-for-40-years/,SizeTapTargetsAppropriately,0.0
http://www.forsviksbruk.se/en/kunskap--fakta/the-woman-who-ran-forsviks-bruk-for-40-years/,UseLegibleFontSizes,0.0
http://www.forsviksbruk.se/kunskap--fakta/,SPEED,91
http://www.forsviksbruk.se/kunskap--fakta/,USABILITY,99
http://www.forsviksbruk.se/kunskap--fakta/,numberResources,33
http://www.forsviksbruk.se/kunskap--fakta/,numberHosts,3
http://www.forsviksbruk.se/kunskap--fakta/,totalRequestBytes,3688
http://www.forsviksbruk.se/kunskap--fakta/,numberStaticResources,29
http://www.forsviksbruk.se/kunskap--fakta/,htmlResponseBytes,120315
http://www.forsviksbruk.se/kunskap--fakta/,cssResponseBytes,125042
http://www.forsviksbruk.se/kunskap--fakta/,imageResponseBytes,488335
http://www.forsviksbruk.se/kunskap--fakta/,javascriptResponseBytes,407530
http://www.forsviksbruk.se/kunskap--fakta/,otherResponseBytes,173656
http://www.forsviksbruk.se/kunskap--fakta/,numberJsResources,3
http://www.forsviksbruk.se/kunskap--fakta/,numberCssResources,2
http://www.forsviksbruk.se/kunskap--fakta/,AvoidLandingPageRedirects,0.0
http://www.forsviksbruk.se/kunskap--fakta/,AvoidPlugins,0.0
http://www.forsviksbruk.se/kunskap--fakta/,ConfigureViewport,0.0
http://www.forsviksbruk.se/kunskap--fakta/,EnableGzipCompression,0.0
http://www.forsviksbruk.se/kunskap--fakta/,LeverageBrowserCaching,0.75
http://www.forsviksbruk.se/kunskap--fakta/,MainResourceServerResponseTime,0.0
http://www.forsviksbruk.se/kunskap--fakta/,MinifyCss,0.0
http://www.forsviksbruk.se/kunskap--fakta/,MinifyHTML,0.0
http://www.forsviksbruk.se/kunskap--fakta/,MinifyJavaScript,0.0
http://www.forsviksbruk.se/kunskap--fakta/,MinimizeRenderBlockingResources,0.0
http://www.forsviksbruk.se/kunskap--fakta/,OptimizeImages,7.128800000000001
http://www.forsviksbruk.se/kunskap--fakta/,PrioritizeVisibleContent,0.0
http://www.forsviksbruk.se/kunskap--fakta/,SizeContentToViewport,0.0
http://www.forsviksbruk.se/kunskap--fakta/,SizeTapTargetsAppropriately,0.46875
http://www.forsviksbruk.se/kunskap--fakta/,UseLegibleFontSizes,0.0
http://www.forsviksbruk.se/utstallningar/byggnaderna-berattar/brukskontoret/,SPEED,85
http://www.forsviksbruk.se/utstallningar/byggnaderna-berattar/brukskontoret/,USABILITY,99
http://www.forsviksbruk.se/utstallningar/byggnaderna-berattar/brukskontoret/,numberResources,27
http://www.forsviksbruk.se/utstallningar/byggnaderna-berattar/brukskontoret/,numberHosts,3
http://www.forsviksbruk.se/utstallningar/byggnaderna-berattar/brukskontoret/,totalRequestBytes,2878
http://www.forsviksbruk.se/utstallningar/byggnaderna-berattar/brukskontoret/,numberStaticResources,23
http://www.forsviksbruk.se/utstallningar/byggnaderna-berattar/brukskontoret/,htmlResponseBytes,107563
http://www.forsviksbruk.se/utstallningar/byggnaderna-berattar/brukskontoret/,cssResponseBytes,125042
http://www.forsviksbruk.se/utstallningar/byggnaderna-berattar/brukskontoret/,imageResponseBytes,280443
http://www.forsviksbruk.se/utstallningar/byggnaderna-berattar/brukskontoret/,javascriptResponseBytes,407530
http://www.forsviksbruk.se/utstallningar/byggnaderna-berattar/brukskontoret/,otherResponseBytes,173656
http://www.forsviksbruk.se/utstallningar/byggnaderna-berattar/brukskontoret/,numberJsResources,3
http://www.forsviksbruk.se/utstallningar/byggnaderna-berattar/brukskontoret/,numberCssResources,2
http://www.forsviksbruk.se/utstallningar/byggnaderna-berattar/brukskontoret/,AvoidLandingPageRedirects,0.0
http://www.forsviksbruk.se/utstallningar/byggnaderna-berattar/brukskontoret/,AvoidPlugins,0.0
http://www.forsviksbruk.se/utstallningar/byggnaderna-berattar/brukskontoret/,ConfigureViewport,0.0
http://www.forsviksbruk.se/utstallningar/byggnaderna-berattar/brukskontoret/,EnableGzipCompression,0.0
http://www.forsviksbruk.se/utstallningar/byggnaderna-berattar/brukskontoret/,LeverageBrowserCaching,0.75
http://www.forsviksbruk.se/utstallningar/byggnaderna-berattar/brukskontoret/,MainResourceServerResponseTime,0.0
http://www.forsviksbruk.se/utstallningar/byggnaderna-berattar/brukskontoret/,MinifyCss,0.0
http://www.forsviksbruk.se/utstallningar/byggnaderna-berattar/brukskontoret/,MinifyHTML,0.0
http://www.forsviksbruk.se/utstallningar/byggnaderna-berattar/brukskontoret/,MinifyJavaScript,0.0
http://www.forsviksbruk.se/utstallningar/byggnaderna-berattar/brukskontoret/,MinimizeRenderBlockingResources,0.0
http://www.forsviksbruk.se/utstallningar/byggnaderna-berattar/brukskontoret/,OptimizeImages,7.128800000000001
http://www.forsviksbruk.se/utstallningar/byggnaderna-berattar/brukskontoret/,PrioritizeVisibleContent,8.0
http://www.forsviksbruk.se/utstallningar/byggnaderna-berattar/brukskontoret/,SizeContentToViewport,0.0
http://www.forsviksbruk.se/utstallningar/byggnaderna-berattar/brukskontoret/,SizeTapTargetsAppropriately,0.6122448979591836
http://www.forsviksbruk.se/utstallningar/byggnaderna-berattar/brukskontoret/,UseLegibleFontSizes,0.0
http://www.forsviksbruk.se/aktiviteter/bildvavar-och-akvarell/,SPEED,91
http://www.forsviksbruk.se/aktiviteter/bildvavar-och-akvarell/,USABILITY,98
http://www.forsviksbruk.se/aktiviteter/bildvavar-och-akvarell/,numberResources,18
http://www.forsviksbruk.se/aktiviteter/bildvavar-och-akvarell/,numberHosts,3
http://www.forsviksbruk.se/aktiviteter/bildvavar-och-akvarell/,totalRequestBytes,2034
http://www.forsviksbruk.se/aktiviteter/bildvavar-och-akvarell/,numberStaticResources,14
http://www.forsviksbruk.se/aktiviteter/bildvavar-och-akvarell/,cssResponseBytes,125042
http://www.forsviksbruk.se/aktiviteter/bildvavar-och-akvarell/,imageResponseBytes,222578
http://www.forsviksbruk.se/aktiviteter/bildvavar-och-akvarell/,javascriptResponseBytes,407530
http://www.forsviksbruk.se/aktiviteter/bildvavar-och-akvarell/,otherResponseBytes,267571
http://www.forsviksbruk.se/aktiviteter/bildvavar-och-akvarell/,numberJsResources,3
http://www.forsviksbruk.se/aktiviteter/bildvavar-och-akvarell/,numberCssResources,2
http://www.forsviksbruk.se/aktiviteter/bildvavar-och-akvarell/,AvoidLandingPageRedirects,0.0
http://www.forsviksbruk.se/aktiviteter/bildvavar-och-akvarell/,AvoidPlugins,0.0
http://www.forsviksbruk.se/aktiviteter/bildvavar-och-akvarell/,ConfigureViewport,0.0
http://www.forsviksbruk.se/aktiviteter/bildvavar-och-akvarell/,EnableGzipCompression,0.0
http://www.forsviksbruk.se/aktiviteter/bildvavar-och-akvarell/,LeverageBrowserCaching,0.75
http://www.forsviksbruk.se/aktiviteter/bildvavar-och-akvarell/,MainResourceServerResponseTime,0.0
http://www.forsviksbruk.se/aktiviteter/bildvavar-och-akvarell/,MinifyCss,0.0
http://www.forsviksbruk.se/aktiviteter/bildvavar-och-akvarell/,MinifyHTML,0.0
http://www.forsviksbruk.se/aktiviteter/bildvavar-och-akvarell/,MinifyJavaScript,0.0
http://www.forsviksbruk.se/aktiviteter/bildvavar-och-akvarell/,MinimizeRenderBlockingResources,0.0
http://www.forsviksbruk.se/aktiviteter/bildvavar-och-akvarell/,OptimizeImages,7.128800000000001
http://www.forsviksbruk.se/aktiviteter/bildvavar-och-akvarell/,PrioritizeVisibleContent,0.0
http://www.forsviksbruk.se/aktiviteter/bildvavar-och-akvarell/,SizeContentToViewport,0.0
http://www.forsviksbruk.se/aktiviteter/bildvavar-och-akvarell/,SizeTapTargetsAppropriately,1.6608996539792387
http://www.forsviksbruk.se/aktiviteter/bildvavar-och-akvarell/,UseLegibleFontSizes,0.0
http://www.forsviksbruk.se/en/exhibitions/cast-model-exhibition/,SPEED,92
http://www.forsviksbruk.se/en/exhibitions/cast-model-exhibition/,USABILITY,100
http://www.forsviksbruk.se/en/exhibitions/cast-model-exhibition/,numberResources,25
http://www.forsviksbruk.se/en/exhibitions/cast-model-exhibition/,numberHosts,2
http://www.forsviksbruk.se/en/exhibitions/cast-model-exhibition/,totalRequestBytes,2652
http://www.forsviksbruk.se/en/exhibitions/cast-model-exhibition/,numberStaticResources,21
http://www.forsviksbruk.se/en/exhibitions/cast-model-exhibition/,htmlResponseBytes,80636
http://www.forsviksbruk.se/en/exhibitions/cast-model-exhibition/,cssResponseBytes,125042
http://www.forsviksbruk.se/en/exhibitions/cast-model-exhibition/,imageResponseBytes,188278
http://www.forsviksbruk.se/en/exhibitions/cast-model-exhibition/,javascriptResponseBytes,407530
http://www.forsviksbruk.se/en/exhibitions/cast-model-exhibition/,otherResponseBytes,173656
http://www.forsviksbruk.se/en/exhibitions/cast-model-exhibition/,numberJsResources,3
http://www.forsviksbruk.se/en/exhibitions/cast-model-exhibition/,numberCssResources,2
http://www.forsviksbruk.se/en/exhibitions/cast-model-exhibition/,AvoidLandingPageRedirects,0.0
http://www.forsviksbruk.se/en/exhibitions/cast-model-exhibition/,AvoidPlugins,0.0
http://www.forsviksbruk.se/en/exhibitions/cast-model-exhibition/,ConfigureViewport,0.0
http://www.forsviksbruk.se/en/exhibitions/cast-model-exhibition/,EnableGzipCompression,0.0
http://www.forsviksbruk.se/en/exhibitions/cast-model-exhibition/,LeverageBrowserCaching,0.75
http://www.forsviksbruk.se/en/exhibitions/cast-model-exhibition/,MainResourceServerResponseTime,0.0
http://www.forsviksbruk.se/en/exhibitions/cast-model-exhibition/,MinifyCss,0.0
http://www.forsviksbruk.se/en/exhibitions/cast-model-exhibition/,MinifyHTML,0.0
http://www.forsviksbruk.se/en/exhibitions/cast-model-exhibition/,MinifyJavaScript,0.0
http://www.forsviksbruk.se/en/exhibitions/cast-model-exhibition/,MinimizeRenderBlockingResources,0.0
http://www.forsviksbruk.se/en/exhibitions/cast-model-exhibition/,OptimizeImages,6.880400000000001
http://www.forsviksbruk.se/en/exhibitions/cast-model-exhibition/,PrioritizeVisibleContent,0.0
http://www.forsviksbruk.se/en/exhibitions/cast-model-exhibition/,SizeContentToViewport,0.0
http://www.forsviksbruk.se/en/exhibitions/cast-model-exhibition/,SizeTapTargetsAppropriately,0.0
http://www.forsviksbruk.se/en/exhibitions/cast-model-exhibition/,UseLegibleFontSizes,0.0
http://www.forsviksbruk.se/for-skolan/lektioner/lektion-4/,SPEED,85
http://www.forsviksbruk.se/for-skolan/lektioner/lektion-4/,USABILITY,99
http://www.forsviksbruk.se/for-skolan/lektioner/lektion-4/,numberResources,27
http://www.forsviksbruk.se/for-skolan/lektioner/lektion-4/,numberHosts,3
http://www.forsviksbruk.se/for-skolan/lektioner/lektion-4/,totalRequestBytes,2851
http://www.forsviksbruk.se/for-skolan/lektioner/lektion-4/,numberStaticResources,23
http://www.forsviksbruk.se/for-skolan/lektioner/lektion-4/,htmlResponseBytes,105765
http://www.forsviksbruk.se/for-skolan/lektioner/lektion-4/,cssResponseBytes,125042
http://www.forsviksbruk.se/for-skolan/lektioner/lektion-4/,imageResponseBytes,230631
http://www.forsviksbruk.se/for-skolan/lektioner/lektion-4/,javascriptResponseBytes,407530
http://www.forsviksbruk.se/for-skolan/lektioner/lektion-4/,otherResponseBytes,173656
http://www.forsviksbruk.se/for-skolan/lektioner/lektion-4/,numberJsResources,3
http://www.forsviksbruk.se/for-skolan/lektioner/lektion-4/,numberCssResources,2
http://www.forsviksbruk.se/for-skolan/lektioner/lektion-4/,AvoidLandingPageRedirects,0.0
http://www.forsviksbruk.se/for-skolan/lektioner/lektion-4/,AvoidPlugins,0.0
http://www.forsviksbruk.se/for-skolan/lektioner/lektion-4/,ConfigureViewport,0.0
http://www.forsviksbruk.se/for-skolan/lektioner/lektion-4/,EnableGzipCompression,0.0
http://www.forsviksbruk.se/for-skolan/lektioner/lektion-4/,LeverageBrowserCaching,0.75
http://www.forsviksbruk.se/for-skolan/lektioner/lektion-4/,MainResourceServerResponseTime,0.0
http://www.forsviksbruk.se/for-skolan/lektioner/lektion-4/,MinifyCss,0.0
http://www.forsviksbruk.se/for-skolan/lektioner/lektion-4/,MinifyHTML,0.0
http://www.forsviksbruk.se/for-skolan/lektioner/lektion-4/,MinifyJavaScript,0.0
http://www.forsviksbruk.se/for-skolan/lektioner/lektion-4/,MinimizeRenderBlockingResources,0.0
http://www.forsviksbruk.se/for-skolan/lektioner/lektion-4/,OptimizeImages,7.128800000000001
http://www.forsviksbruk.se/for-skolan/lektioner/lektion-4/,PrioritizeVisibleContent,8.0
http://www.forsviksbruk.se/for-skolan/lektioner/lektion-4/,SizeContentToViewport,0.0
http://www.forsviksbruk.se/for-skolan/lektioner/lektion-4/,SizeTapTargetsAppropriately,0.6122448979591836
http://www.forsviksbruk.se/for-skolan/lektioner/lektion-4/,UseLegibleFontSizes,0.0
http://www.forsviksbruk.se/utstallningar/byggnaderna-berattar/mekanisk-verkstad/,SPEED,85
http://www.forsviksbruk.se/utstallningar/byggnaderna-berattar/mekanisk-verkstad/,USABILITY,99
http://www.forsviksbruk.se/utstallningar/byggnaderna-berattar/mekanisk-verkstad/,numberResources,27
http://www.forsviksbruk.se/utstallningar/byggnaderna-berattar/mekanisk-verkstad/,numberHosts,3
http://www.forsviksbruk.se/utstallningar/byggnaderna-berattar/mekanisk-verkstad/,totalRequestBytes,2892
http://www.forsviksbruk.se/utstallningar/byggnaderna-berattar/mekanisk-verkstad/,numberStaticResources,23
http://www.forsviksbruk.se/utstallningar/byggnaderna-berattar/mekanisk-verkstad/,htmlResponseBytes,107433
http://www.forsviksbruk.se/utstallningar/byggnaderna-berattar/mekanisk-verkstad/,cssResponseBytes,125042
http://www.forsviksbruk.se/utstallningar/byggnaderna-berattar/mekanisk-verkstad/,imageResponseBytes,241913
http://www.forsviksbruk.se/utstallningar/byggnaderna-berattar/mekanisk-verkstad/,javascriptResponseBytes,407530
http://www.forsviksbruk.se/utstallningar/byggnaderna-berattar/mekanisk-verkstad/,otherResponseBytes,173656
http://www.forsviksbruk.se/utstallningar/byggnaderna-berattar/mekanisk-verkstad/,numberJsResources,3
http://www.forsviksbruk.se/utstallningar/byggnaderna-berattar/mekanisk-verkstad/,numberCssResources,2
http://www.forsviksbruk.se/utstallningar/byggnaderna-berattar/mekanisk-verkstad/,AvoidLandingPageRedirects,0.0
http://www.forsviksbruk.se/utstallningar/byggnaderna-berattar/mekanisk-verkstad/,AvoidPlugins,0.0
http://www.forsviksbruk.se/utstallningar/byggnaderna-berattar/mekanisk-verkstad/,ConfigureViewport,0.0
http://www.forsviksbruk.se/utstallningar/byggnaderna-berattar/mekanisk-verkstad/,EnableGzipCompression,0.0
http://www.forsviksbruk.se/utstallningar/byggnaderna-berattar/mekanisk-verkstad/,LeverageBrowserCaching,0.75
http://www.forsviksbruk.se/utstallningar/byggnaderna-berattar/mekanisk-verkstad/,MainResourceServerResponseTime,0.0
http://www.forsviksbruk.se/utstallningar/byggnaderna-berattar/mekanisk-verkstad/,MinifyCss,0.0
http://www.forsviksbruk.se/utstallningar/byggnaderna-berattar/mekanisk-verkstad/,MinifyHTML,0.0
http://www.forsviksbruk.se/utstallningar/byggnaderna-berattar/mekanisk-verkstad/,MinifyJavaScript,0.0
http://www.forsviksbruk.se/utstallningar/byggnaderna-berattar/mekanisk-verkstad/,MinimizeRenderBlockingResources,0.0
http://www.forsviksbruk.se/utstallningar/byggnaderna-berattar/mekanisk-verkstad/,OptimizeImages,7.128800000000001
http://www.forsviksbruk.se/utstallningar/byggnaderna-berattar/mekanisk-verkstad/,PrioritizeVisibleContent,8.0
http://www.forsviksbruk.se/utstallningar/byggnaderna-berattar/mekanisk-verkstad/,SizeContentToViewport,0.0
http://www.forsviksbruk.se/utstallningar/byggnaderna-berattar/mekanisk-verkstad/,SizeTapTargetsAppropriately,0.6122448979591836
http://www.forsviksbruk.se/utstallningar/byggnaderna-berattar/mekanisk-verkstad/,UseLegibleFontSizes,0.0
http://www.forsviksbruk.se/webbplatskarta/,SPEED,91
http://www.forsviksbruk.se/webbplatskarta/,USABILITY,99
http://www.forsviksbruk.se/webbplatskarta/,numberResources,18
http://www.forsviksbruk.se/webbplatskarta/,numberHosts,3
http://www.forsviksbruk.se/webbplatskarta/,totalRequestBytes,1935
http://www.forsviksbruk.se/webbplatskarta/,numberStaticResources,14
http://www.forsviksbruk.se/webbplatskarta/,htmlResponseBytes,98331
http://www.forsviksbruk.se/webbplatskarta/,cssResponseBytes,125042
http://www.forsviksbruk.se/webbplatskarta/,imageResponseBytes,139415
http://www.forsviksbruk.se/webbplatskarta/,javascriptResponseBytes,407530
http://www.forsviksbruk.se/webbplatskarta/,otherResponseBytes,173656
http://www.forsviksbruk.se/webbplatskarta/,numberJsResources,3
http://www.forsviksbruk.se/webbplatskarta/,numberCssResources,2
http://www.forsviksbruk.se/webbplatskarta/,AvoidLandingPageRedirects,0.0
http://www.forsviksbruk.se/webbplatskarta/,AvoidPlugins,0.0
http://www.forsviksbruk.se/webbplatskarta/,ConfigureViewport,0.0
http://www.forsviksbruk.se/webbplatskarta/,EnableGzipCompression,0.0
http://www.forsviksbruk.se/webbplatskarta/,LeverageBrowserCaching,0.75
http://www.forsviksbruk.se/webbplatskarta/,MainResourceServerResponseTime,0.0
http://www.forsviksbruk.se/webbplatskarta/,MinifyCss,0.0
http://www.forsviksbruk.se/webbplatskarta/,MinifyHTML,0.0
http://www.forsviksbruk.se/webbplatskarta/,MinifyJavaScript,0.0
http://www.forsviksbruk.se/webbplatskarta/,MinimizeRenderBlockingResources,0.0
http://www.forsviksbruk.se/webbplatskarta/,OptimizeImages,7.128800000000001
http://www.forsviksbruk.se/webbplatskarta/,PrioritizeVisibleContent,0.0
http://www.forsviksbruk.se/webbplatskarta/,SizeContentToViewport,0.0
http://www.forsviksbruk.se/webbplatskarta/,SizeTapTargetsAppropriately,0.09259259259259257
http://www.forsviksbruk.se/webbplatskarta/,UseLegibleFontSizes,0.0
http://www.forsviksbruk.se/for-skolan/lektioner/lektion-3/,SPEED,85
http://www.forsviksbruk.se/for-skolan/lektioner/lektion-3/,USABILITY,99
http://www.forsviksbruk.se/for-skolan/lektioner/lektion-3/,numberResources,27
http://www.forsviksbruk.se/for-skolan/lektioner/lektion-3/,numberHosts,3
http://www.forsviksbruk.se/for-skolan/lektioner/lektion-3/,totalRequestBytes,2852
http://www.forsviksbruk.se/for-skolan/lektioner/lektion-3/,numberStaticResources,23
http://www.forsviksbruk.se/for-skolan/lektioner/lektion-3/,htmlResponseBytes,106375
http://www.forsviksbruk.se/for-skolan/lektioner/lektion-3/,cssResponseBytes,125042
http://www.forsviksbruk.se/for-skolan/lektioner/lektion-3/,imageResponseBytes,233471
http://www.forsviksbruk.se/for-skolan/lektioner/lektion-3/,javascriptResponseBytes,407530
http://www.forsviksbruk.se/for-skolan/lektioner/lektion-3/,otherResponseBytes,173656
http://www.forsviksbruk.se/for-skolan/lektioner/lektion-3/,numberJsResources,3
http://www.forsviksbruk.se/for-skolan/lektioner/lektion-3/,numberCssResources,2
http://www.forsviksbruk.se/for-skolan/lektioner/lektion-3/,AvoidLandingPageRedirects,0.0
http://www.forsviksbruk.se/for-skolan/lektioner/lektion-3/,AvoidPlugins,0.0
http://www.forsviksbruk.se/for-skolan/lektioner/lektion-3/,ConfigureViewport,0.0
http://www.forsviksbruk.se/for-skolan/lektioner/lektion-3/,EnableGzipCompression,0.0
http://www.forsviksbruk.se/for-skolan/lektioner/lektion-3/,LeverageBrowserCaching,0.75
http://www.forsviksbruk.se/for-skolan/lektioner/lektion-3/,MainResourceServerResponseTime,0.0
http://www.forsviksbruk.se/for-skolan/lektioner/lektion-3/,MinifyCss,0.0
http://www.forsviksbruk.se/for-skolan/lektioner/lektion-3/,MinifyHTML,0.0
http://www.forsviksbruk.se/for-skolan/lektioner/lektion-3/,MinifyJavaScript,0.0
http://www.forsviksbruk.se/for-skolan/lektioner/lektion-3/,MinimizeRenderBlockingResources,0.0
http://www.forsviksbruk.se/for-skolan/lektioner/lektion-3/,OptimizeImages,7.128800000000001
http://www.forsviksbruk.se/for-skolan/lektioner/lektion-3/,PrioritizeVisibleContent,8.0
http://www.forsviksbruk.se/for-skolan/lektioner/lektion-3/,SizeContentToViewport,0.0
http://www.forsviksbruk.se/for-skolan/lektioner/lektion-3/,SizeTapTargetsAppropriately,0.6122448979591836
http://www.forsviksbruk.se/for-skolan/lektioner/lektion-3/,UseLegibleFontSizes,0.0
http://www.forsviksbruk.se/utstallningar/byggnaderna-berattar/mjolnarbostaden/,SPEED,85
http://www.forsviksbruk.se/utstallningar/byggnaderna-berattar/mjolnarbostaden/,USABILITY,99
http://www.forsviksbruk.se/utstallningar/byggnaderna-berattar/mjolnarbostaden/,numberResources,27
http://www.forsviksbruk.se/utstallningar/byggnaderna-berattar/mjolnarbostaden/,numberHosts,3
http://www.forsviksbruk.se/utstallningar/byggnaderna-berattar/mjolnarbostaden/,totalRequestBytes,2890
http://www.forsviksbruk.se/utstallningar/byggnaderna-berattar/mjolnarbostaden/,numberStaticResources,23
http://www.forsviksbruk.se/utstallningar/byggnaderna-berattar/mjolnarbostaden/,htmlResponseBytes,108140
http://www.forsviksbruk.se/utstallningar/byggnaderna-berattar/mjolnarbostaden/,cssResponseBytes,125042
http://www.forsviksbruk.se/utstallningar/byggnaderna-berattar/mjolnarbostaden/,imageResponseBytes,215193
http://www.forsviksbruk.se/utstallningar/byggnaderna-berattar/mjolnarbostaden/,javascriptResponseBytes,407530
http://www.forsviksbruk.se/utstallningar/byggnaderna-berattar/mjolnarbostaden/,otherResponseBytes,173656
http://www.forsviksbruk.se/utstallningar/byggnaderna-berattar/mjolnarbostaden/,numberJsResources,3
http://www.forsviksbruk.se/utstallningar/byggnaderna-berattar/mjolnarbostaden/,numberCssResources,2
http://www.forsviksbruk.se/utstallningar/byggnaderna-berattar/mjolnarbostaden/,AvoidLandingPageRedirects,0.0
http://www.forsviksbruk.se/utstallningar/byggnaderna-berattar/mjolnarbostaden/,AvoidPlugins,0.0
http://www.forsviksbruk.se/utstallningar/byggnaderna-berattar/mjolnarbostaden/,ConfigureViewport,0.0
http://www.forsviksbruk.se/utstallningar/byggnaderna-berattar/mjolnarbostaden/,EnableGzipCompression,0.0
http://www.forsviksbruk.se/utstallningar/byggnaderna-berattar/mjolnarbostaden/,LeverageBrowserCaching,0.75
http://www.forsviksbruk.se/utstallningar/byggnaderna-berattar/mjolnarbostaden/,MainResourceServerResponseTime,0.0
http://www.forsviksbruk.se/utstallningar/byggnaderna-berattar/mjolnarbostaden/,MinifyCss,0.0
http://www.forsviksbruk.se/utstallningar/byggnaderna-berattar/mjolnarbostaden/,MinifyHTML,0.0
http://www.forsviksbruk.se/utstallningar/byggnaderna-berattar/mjolnarbostaden/,MinifyJavaScript,0.0
http://www.forsviksbruk.se/utstallningar/byggnaderna-berattar/mjolnarbostaden/,MinimizeRenderBlockingResources,0.0
http://www.forsviksbruk.se/utstallningar/byggnaderna-berattar/mjolnarbostaden/,OptimizeImages,7.128800000000001
http://www.forsviksbruk.se/utstallningar/byggnaderna-berattar/mjolnarbostaden/,PrioritizeVisibleContent,8.0
http://www.forsviksbruk.se/utstallningar/byggnaderna-berattar/mjolnarbostaden/,SizeContentToViewport,0.0
http://www.forsviksbruk.se/utstallningar/byggnaderna-berattar/mjolnarbostaden/,SizeTapTargetsAppropriately,0.6122448979591836
http://www.forsviksbruk.se/utstallningar/byggnaderna-berattar/mjolnarbostaden/,UseLegibleFontSizes,0.0
http://www.forsviksbruk.se/for-skolan/lektioner/lektion-5/,SPEED,91
http://www.forsviksbruk.se/for-skolan/lektioner/lektion-5/,USABILITY,99
http://www.forsviksbruk.se/for-skolan/lektioner/lektion-5/,numberResources,27
http://www.forsviksbruk.se/for-skolan/lektioner/lektion-5/,numberHosts,3
http://www.forsviksbruk.se/for-skolan/lektioner/lektion-5/,totalRequestBytes,2882
http://www.forsviksbruk.se/for-skolan/lektioner/lektion-5/,numberStaticResources,23
http://www.forsviksbruk.se/for-skolan/lektioner/lektion-5/,htmlResponseBytes,106452
http://www.forsviksbruk.se/for-skolan/lektioner/lektion-5/,cssResponseBytes,125042
http://www.forsviksbruk.se/for-skolan/lektioner/lektion-5/,imageResponseBytes,236970
http://www.forsviksbruk.se/for-skolan/lektioner/lektion-5/,javascriptResponseBytes,407530
http://www.forsviksbruk.se/for-skolan/lektioner/lektion-5/,otherResponseBytes,173656
http://www.forsviksbruk.se/for-skolan/lektioner/lektion-5/,numberJsResources,3
http://www.forsviksbruk.se/for-skolan/lektioner/lektion-5/,numberCssResources,2
http://www.forsviksbruk.se/for-skolan/lektioner/lektion-5/,AvoidLandingPageRedirects,0.0
http://www.forsviksbruk.se/for-skolan/lektioner/lektion-5/,AvoidPlugins,0.0
http://www.forsviksbruk.se/for-skolan/lektioner/lektion-5/,ConfigureViewport,0.0
http://www.forsviksbruk.se/for-skolan/lektioner/lektion-5/,EnableGzipCompression,0.0
http://www.forsviksbruk.se/for-skolan/lektioner/lektion-5/,LeverageBrowserCaching,0.75
http://www.forsviksbruk.se/for-skolan/lektioner/lektion-5/,MainResourceServerResponseTime,0.0
http://www.forsviksbruk.se/for-skolan/lektioner/lektion-5/,MinifyCss,0.0
http://www.forsviksbruk.se/for-skolan/lektioner/lektion-5/,MinifyHTML,0.0
http://www.forsviksbruk.se/for-skolan/lektioner/lektion-5/,MinifyJavaScript,0.0
http://www.forsviksbruk.se/for-skolan/lektioner/lektion-5/,MinimizeRenderBlockingResources,0.0
http://www.forsviksbruk.se/for-skolan/lektioner/lektion-5/,OptimizeImages,7.128800000000001
http://www.forsviksbruk.se/for-skolan/lektioner/lektion-5/,PrioritizeVisibleContent,0.0
http://www.forsviksbruk.se/for-skolan/lektioner/lektion-5/,SizeContentToViewport,0.0
http://www.forsviksbruk.se/for-skolan/lektioner/lektion-5/,SizeTapTargetsAppropriately,0.6122448979591836
http://www.forsviksbruk.se/for-skolan/lektioner/lektion-5/,UseLegibleFontSizes,0.0
http://www.forsviksbruk.se/besok-oss/,SPEED,82
http://www.forsviksbruk.se/besok-oss/,USABILITY,99
http://www.forsviksbruk.se/besok-oss/,numberResources,71
http://www.forsviksbruk.se/besok-oss/,numberHosts,11
http://www.forsviksbruk.se/besok-oss/,totalRequestBytes,11341
http://www.forsviksbruk.se/besok-oss/,numberStaticResources,48
http://www.forsviksbruk.se/besok-oss/,htmlResponseBytes,110408
http://www.forsviksbruk.se/besok-oss/,cssResponseBytes,126216
http://www.forsviksbruk.se/besok-oss/,imageResponseBytes,353646
http://www.forsviksbruk.se/besok-oss/,javascriptResponseBytes,1132535
http://www.forsviksbruk.se/besok-oss/,otherResponseBytes,205504
http://www.forsviksbruk.se/besok-oss/,numberJsResources,17
http://www.forsviksbruk.se/besok-oss/,numberCssResources,3
http://www.forsviksbruk.se/besok-oss/,AvoidLandingPageRedirects,0.0
http://www.forsviksbruk.se/besok-oss/,AvoidPlugins,0.0
http://www.forsviksbruk.se/besok-oss/,ConfigureViewport,0.0
http://www.forsviksbruk.se/besok-oss/,EnableGzipCompression,0.0
http://www.forsviksbruk.se/besok-oss/,LeverageBrowserCaching,5.192708333333335
http://www.forsviksbruk.se/besok-oss/,MainResourceServerResponseTime,0.0
http://www.forsviksbruk.se/besok-oss/,MinifyCss,0.0
http://www.forsviksbruk.se/besok-oss/,MinifyHTML,0.0
http://www.forsviksbruk.se/besok-oss/,MinifyJavaScript,0.0
http://www.forsviksbruk.se/besok-oss/,MinimizeRenderBlockingResources,0.0
http://www.forsviksbruk.se/besok-oss/,OptimizeImages,7.128800000000001
http://www.forsviksbruk.se/besok-oss/,PrioritizeVisibleContent,8.0
http://www.forsviksbruk.se/besok-oss/,SizeContentToViewport,0.0
http://www.forsviksbruk.se/besok-oss/,SizeTapTargetsAppropriately,0.5333333333333333
http://www.forsviksbruk.se/besok-oss/,UseLegibleFontSizes,0.0
http://www.forsviksbruk.se/for-skolan/praktiska-lektioner/aktivitet-3/,SPEED,91
http://www.forsviksbruk.se/for-skolan/praktiska-lektioner/aktivitet-3/,USABILITY,99
http://www.forsviksbruk.se/for-skolan/praktiska-lektioner/aktivitet-3/,numberResources,27
http://www.forsviksbruk.se/for-skolan/praktiska-lektioner/aktivitet-3/,numberHosts,3
http://www.forsviksbruk.se/for-skolan/praktiska-lektioner/aktivitet-3/,totalRequestBytes,2882
http://www.forsviksbruk.se/for-skolan/praktiska-lektioner/aktivitet-3/,numberStaticResources,23
http://www.forsviksbruk.se/for-skolan/praktiska-lektioner/aktivitet-3/,htmlResponseBytes,104449
http://www.forsviksbruk.se/for-skolan/praktiska-lektioner/aktivitet-3/,cssResponseBytes,125042
http://www.forsviksbruk.se/for-skolan/praktiska-lektioner/aktivitet-3/,imageResponseBytes,212356
http://www.forsviksbruk.se/for-skolan/praktiska-lektioner/aktivitet-3/,javascriptResponseBytes,407530
http://www.forsviksbruk.se/for-skolan/praktiska-lektioner/aktivitet-3/,otherResponseBytes,173656
http://www.forsviksbruk.se/for-skolan/praktiska-lektioner/aktivitet-3/,numberJsResources,3
http://www.forsviksbruk.se/for-skolan/praktiska-lektioner/aktivitet-3/,numberCssResources,2
http://www.forsviksbruk.se/for-skolan/praktiska-lektioner/aktivitet-3/,AvoidLandingPageRedirects,0.0
http://www.forsviksbruk.se/for-skolan/praktiska-lektioner/aktivitet-3/,AvoidPlugins,0.0
http://www.forsviksbruk.se/for-skolan/praktiska-lektioner/aktivitet-3/,ConfigureViewport,0.0
http://www.forsviksbruk.se/for-skolan/praktiska-lektioner/aktivitet-3/,EnableGzipCompression,0.0
http://www.forsviksbruk.se/for-skolan/praktiska-lektioner/aktivitet-3/,LeverageBrowserCaching,0.75
http://www.forsviksbruk.se/for-skolan/praktiska-lektioner/aktivitet-3/,MainResourceServerResponseTime,0.0
http://www.forsviksbruk.se/for-skolan/praktiska-lektioner/aktivitet-3/,MinifyCss,0.0
http://www.forsviksbruk.se/for-skolan/praktiska-lektioner/aktivitet-3/,MinifyHTML,0.0
http://www.forsviksbruk.se/for-skolan/praktiska-lektioner/aktivitet-3/,MinifyJavaScript,0.0
http://www.forsviksbruk.se/for-skolan/praktiska-lektioner/aktivitet-3/,MinimizeRenderBlockingResources,0.0
http://www.forsviksbruk.se/for-skolan/praktiska-lektioner/aktivitet-3/,OptimizeImages,7.128800000000001
http://www.forsviksbruk.se/for-skolan/praktiska-lektioner/aktivitet-3/,PrioritizeVisibleContent,0.0
http://www.forsviksbruk.se/for-skolan/praktiska-lektioner/aktivitet-3/,SizeContentToViewport,0.0
http://www.forsviksbruk.se/for-skolan/praktiska-lektioner/aktivitet-3/,SizeTapTargetsAppropriately,0.6122448979591836
http://www.forsviksbruk.se/for-skolan/praktiska-lektioner/aktivitet-3/,UseLegibleFontSizes,0.0
http://www.forsviksbruk.se/utstallningar/raw/,SPEED,90
http://www.forsviksbruk.se/utstallningar/raw/,USABILITY,99
http://www.forsviksbruk.se/utstallningar/raw/,numberResources,27
http://www.forsviksbruk.se/utstallningar/raw/,numberHosts,3
http://www.forsviksbruk.se/utstallningar/raw/,totalRequestBytes,2804
http://www.forsviksbruk.se/utstallningar/raw/,numberStaticResources,23
http://www.forsviksbruk.se/utstallningar/raw/,htmlResponseBytes,107880
http://www.forsviksbruk.se/utstallningar/raw/,cssResponseBytes,125042
http://www.forsviksbruk.se/utstallningar/raw/,imageResponseBytes,233342
http://www.forsviksbruk.se/utstallningar/raw/,javascriptResponseBytes,407530
http://www.forsviksbruk.se/utstallningar/raw/,otherResponseBytes,173656
http://www.forsviksbruk.se/utstallningar/raw/,numberJsResources,3
http://www.forsviksbruk.se/utstallningar/raw/,numberCssResources,2
http://www.forsviksbruk.se/utstallningar/raw/,AvoidLandingPageRedirects,0.0
http://www.forsviksbruk.se/utstallningar/raw/,AvoidPlugins,0.0
http://www.forsviksbruk.se/utstallningar/raw/,ConfigureViewport,0.0
http://www.forsviksbruk.se/utstallningar/raw/,EnableGzipCompression,0.0
http://www.forsviksbruk.se/utstallningar/raw/,LeverageBrowserCaching,0.75
http://www.forsviksbruk.se/utstallningar/raw/,MainResourceServerResponseTime,1.815
http://www.forsviksbruk.se/utstallningar/raw/,MinifyCss,0.0
http://www.forsviksbruk.se/utstallningar/raw/,MinifyHTML,0.0
http://www.forsviksbruk.se/utstallningar/raw/,MinifyJavaScript,0.0
http://www.forsviksbruk.se/utstallningar/raw/,MinimizeRenderBlockingResources,0.0
http://www.forsviksbruk.se/utstallningar/raw/,OptimizeImages,7.128800000000001
http://www.forsviksbruk.se/utstallningar/raw/,PrioritizeVisibleContent,0.0
http://www.forsviksbruk.se/utstallningar/raw/,SizeContentToViewport,0.0
http://www.forsviksbruk.se/utstallningar/raw/,SizeTapTargetsAppropriately,0.6584362139917695
http://www.forsviksbruk.se/utstallningar/raw/,UseLegibleFontSizes,0.0
http://www.forsviksbruk.se/kunskap--fakta/industrihistoria/,SPEED,91
http://www.forsviksbruk.se/kunskap--fakta/industrihistoria/,USABILITY,99
http://www.forsviksbruk.se/kunskap--fakta/industrihistoria/,numberResources,27
http://www.forsviksbruk.se/kunskap--fakta/industrihistoria/,numberHosts,3
http://www.forsviksbruk.se/kunskap--fakta/industrihistoria/,totalRequestBytes,2883
http://www.forsviksbruk.se/kunskap--fakta/industrihistoria/,numberStaticResources,23
http://www.forsviksbruk.se/kunskap--fakta/industrihistoria/,htmlResponseBytes,109026
http://www.forsviksbruk.se/kunskap--fakta/industrihistoria/,cssResponseBytes,125042
http://www.forsviksbruk.se/kunskap--fakta/industrihistoria/,imageResponseBytes,267309
http://www.forsviksbruk.se/kunskap--fakta/industrihistoria/,javascriptResponseBytes,407530
http://www.forsviksbruk.se/kunskap--fakta/industrihistoria/,otherResponseBytes,173656
http://www.forsviksbruk.se/kunskap--fakta/industrihistoria/,numberJsResources,3
http://www.forsviksbruk.se/kunskap--fakta/industrihistoria/,numberCssResources,2
http://www.forsviksbruk.se/kunskap--fakta/industrihistoria/,AvoidLandingPageRedirects,0.0
http://www.forsviksbruk.se/kunskap--fakta/industrihistoria/,AvoidPlugins,0.0
http://www.forsviksbruk.se/kunskap--fakta/industrihistoria/,ConfigureViewport,0.0
http://www.forsviksbruk.se/kunskap--fakta/industrihistoria/,EnableGzipCompression,0.0
http://www.forsviksbruk.se/kunskap--fakta/industrihistoria/,LeverageBrowserCaching,0.75
http://www.forsviksbruk.se/kunskap--fakta/industrihistoria/,MainResourceServerResponseTime,0.0
http://www.forsviksbruk.se/kunskap--fakta/industrihistoria/,MinifyCss,0.0
http://www.forsviksbruk.se/kunskap--fakta/industrihistoria/,MinifyHTML,0.0
http://www.forsviksbruk.se/kunskap--fakta/industrihistoria/,MinifyJavaScript,0.0
http://www.forsviksbruk.se/kunskap--fakta/industrihistoria/,MinimizeRenderBlockingResources,0.0
http://www.forsviksbruk.se/kunskap--fakta/industrihistoria/,OptimizeImages,7.128800000000001
http://www.forsviksbruk.se/kunskap--fakta/industrihistoria/,PrioritizeVisibleContent,0.0
http://www.forsviksbruk.se/kunskap--fakta/industrihistoria/,SizeContentToViewport,0.0
http://www.forsviksbruk.se/kunskap--fakta/industrihistoria/,SizeTapTargetsAppropriately,0.6584362139917695
http://www.forsviksbruk.se/kunskap--fakta/industrihistoria/,UseLegibleFontSizes,0.0
http://www.forsviksbruk.se/kunskap--fakta/forsviks-jarnvag/,SPEED,91
http://www.forsviksbruk.se/kunskap--fakta/forsviks-jarnvag/,USABILITY,99
http://www.forsviksbruk.se/kunskap--fakta/forsviks-jarnvag/,numberResources,27
http://www.forsviksbruk.se/kunskap--fakta/forsviks-jarnvag/,numberHosts,3
http://www.forsviksbruk.se/kunskap--fakta/forsviks-jarnvag/,totalRequestBytes,2865
http://www.forsviksbruk.se/kunskap--fakta/forsviks-jarnvag/,numberStaticResources,23
http://www.forsviksbruk.se/kunskap--fakta/forsviks-jarnvag/,htmlResponseBytes,105568
http://www.forsviksbruk.se/kunskap--fakta/forsviks-jarnvag/,cssResponseBytes,125042
http://www.forsviksbruk.se/kunskap--fakta/forsviks-jarnvag/,imageResponseBytes,259688
http://www.forsviksbruk.se/kunskap--fakta/forsviks-jarnvag/,javascriptResponseBytes,407530
http://www.forsviksbruk.se/kunskap--fakta/forsviks-jarnvag/,otherResponseBytes,173656
http://www.forsviksbruk.se/kunskap--fakta/forsviks-jarnvag/,numberJsResources,3
http://www.forsviksbruk.se/kunskap--fakta/forsviks-jarnvag/,numberCssResources,2
http://www.forsviksbruk.se/kunskap--fakta/forsviks-jarnvag/,AvoidLandingPageRedirects,0.0
http://www.forsviksbruk.se/kunskap--fakta/forsviks-jarnvag/,AvoidPlugins,0.0
http://www.forsviksbruk.se/kunskap--fakta/forsviks-jarnvag/,ConfigureViewport,0.0
http://www.forsviksbruk.se/kunskap--fakta/forsviks-jarnvag/,EnableGzipCompression,0.0
http://www.forsviksbruk.se/kunskap--fakta/forsviks-jarnvag/,LeverageBrowserCaching,0.75
http://www.forsviksbruk.se/kunskap--fakta/forsviks-jarnvag/,MainResourceServerResponseTime,0.0
http://www.forsviksbruk.se/kunskap--fakta/forsviks-jarnvag/,MinifyCss,0.0
http://www.forsviksbruk.se/kunskap--fakta/forsviks-jarnvag/,MinifyHTML,0.0
http://www.forsviksbruk.se/kunskap--fakta/forsviks-jarnvag/,MinifyJavaScript,0.0
http://www.forsviksbruk.se/kunskap--fakta/forsviks-jarnvag/,MinimizeRenderBlockingResources,0.0
http://www.forsviksbruk.se/kunskap--fakta/forsviks-jarnvag/,OptimizeImages,7.128800000000001
http://www.forsviksbruk.se/kunskap--fakta/forsviks-jarnvag/,PrioritizeVisibleContent,0.0
http://www.forsviksbruk.se/kunskap--fakta/forsviks-jarnvag/,SizeContentToViewport,0.0
http://www.forsviksbruk.se/kunskap--fakta/forsviks-jarnvag/,SizeTapTargetsAppropriately,0.6584362139917695
http://www.forsviksbruk.se/kunskap--fakta/forsviks-jarnvag/,UseLegibleFontSizes,0.0
http://www.forsviksbruk.se/,SPEED,88
http://www.forsviksbruk.se/,USABILITY,99
http://www.forsviksbruk.se/,numberResources,31
http://www.forsviksbruk.se/,numberHosts,5
http://www.forsviksbruk.se/,totalRequestBytes,3717
http://www.forsviksbruk.se/,numberStaticResources,27
http://www.forsviksbruk.se/,htmlResponseBytes,123524
http://www.forsviksbruk.se/,cssResponseBytes,125042
http://www.forsviksbruk.se/,imageResponseBytes,815927
http://www.forsviksbruk.se/,javascriptResponseBytes,407530
http://www.forsviksbruk.se/,otherResponseBytes,173656
http://www.forsviksbruk.se/,numberJsResources,3
http://www.forsviksbruk.se/,numberCssResources,2
http://www.forsviksbruk.se/,AvoidLandingPageRedirects,0.0
http://www.forsviksbruk.se/,AvoidPlugins,0.0
http://www.forsviksbruk.se/,ConfigureViewport,0.0
http://www.forsviksbruk.se/,EnableGzipCompression,0.0
http://www.forsviksbruk.se/,LeverageBrowserCaching,0.75
http://www.forsviksbruk.se/,MainResourceServerResponseTime,3.18
http://www.forsviksbruk.se/,MinifyCss,0.0
http://www.forsviksbruk.se/,MinifyHTML,0.0
http://www.forsviksbruk.se/,MinifyJavaScript,0.0
http://www.forsviksbruk.se/,MinimizeRenderBlockingResources,0.0
http://www.forsviksbruk.se/,OptimizeImages,7.208700000000001
http://www.forsviksbruk.se/,PrioritizeVisibleContent,0.0
http://www.forsviksbruk.se/,SizeContentToViewport,0.0
http://www.forsviksbruk.se/,SizeTapTargetsAppropriately,0.4994797086368366
http://www.forsviksbruk.se/,UseLegibleFontSizes,0.0
http://www.forsviksbruk.se/kunskap--fakta/augusta-backman-ville-hellre-do-an-foda-barn-som-ogift2/,SPEED,91
http://www.forsviksbruk.se/kunskap--fakta/augusta-backman-ville-hellre-do-an-foda-barn-som-ogift2/,USABILITY,99
http://www.forsviksbruk.se/kunskap--fakta/augusta-backman-ville-hellre-do-an-foda-barn-som-ogift2/,numberResources,27
http://www.forsviksbruk.se/kunskap--fakta/augusta-backman-ville-hellre-do-an-foda-barn-som-ogift2/,numberHosts,3
http://www.forsviksbruk.se/kunskap--fakta/augusta-backman-ville-hellre-do-an-foda-barn-som-ogift2/,totalRequestBytes,2999
http://www.forsviksbruk.se/kunskap--fakta/augusta-backman-ville-hellre-do-an-foda-barn-som-ogift2/,numberStaticResources,23
http://www.forsviksbruk.se/kunskap--fakta/augusta-backman-ville-hellre-do-an-foda-barn-som-ogift2/,htmlResponseBytes,111857
http://www.forsviksbruk.se/kunskap--fakta/augusta-backman-ville-hellre-do-an-foda-barn-som-ogift2/,cssResponseBytes,125042
http://www.forsviksbruk.se/kunskap--fakta/augusta-backman-ville-hellre-do-an-foda-barn-som-ogift2/,imageResponseBytes,267201
http://www.forsviksbruk.se/kunskap--fakta/augusta-backman-ville-hellre-do-an-foda-barn-som-ogift2/,javascriptResponseBytes,407530
http://www.forsviksbruk.se/kunskap--fakta/augusta-backman-ville-hellre-do-an-foda-barn-som-ogift2/,otherResponseBytes,173656
http://www.forsviksbruk.se/kunskap--fakta/augusta-backman-ville-hellre-do-an-foda-barn-som-ogift2/,numberJsResources,3
http://www.forsviksbruk.se/kunskap--fakta/augusta-backman-ville-hellre-do-an-foda-barn-som-ogift2/,numberCssResources,2
http://www.forsviksbruk.se/kunskap--fakta/augusta-backman-ville-hellre-do-an-foda-barn-som-ogift2/,AvoidLandingPageRedirects,0.0
http://www.forsviksbruk.se/kunskap--fakta/augusta-backman-ville-hellre-do-an-foda-barn-som-ogift2/,AvoidPlugins,0.0
http://www.forsviksbruk.se/kunskap--fakta/augusta-backman-ville-hellre-do-an-foda-barn-som-ogift2/,ConfigureViewport,0.0
http://www.forsviksbruk.se/kunskap--fakta/augusta-backman-ville-hellre-do-an-foda-barn-som-ogift2/,EnableGzipCompression,0.0
http://www.forsviksbruk.se/kunskap--fakta/augusta-backman-ville-hellre-do-an-foda-barn-som-ogift2/,LeverageBrowserCaching,0.75
http://www.forsviksbruk.se/kunskap--fakta/augusta-backman-ville-hellre-do-an-foda-barn-som-ogift2/,MainResourceServerResponseTime,0.75
http://www.forsviksbruk.se/kunskap--fakta/augusta-backman-ville-hellre-do-an-foda-barn-som-ogift2/,MinifyCss,0.0
http://www.forsviksbruk.se/kunskap--fakta/augusta-backman-ville-hellre-do-an-foda-barn-som-ogift2/,MinifyHTML,0.0
http://www.forsviksbruk.se/kunskap--fakta/augusta-backman-ville-hellre-do-an-foda-barn-som-ogift2/,MinifyJavaScript,0.0
http://www.forsviksbruk.se/kunskap--fakta/augusta-backman-ville-hellre-do-an-foda-barn-som-ogift2/,MinimizeRenderBlockingResources,0.0
http://www.forsviksbruk.se/kunskap--fakta/augusta-backman-ville-hellre-do-an-foda-barn-som-ogift2/,OptimizeImages,7.128800000000001
http://www.forsviksbruk.se/kunskap--fakta/augusta-backman-ville-hellre-do-an-foda-barn-som-ogift2/,PrioritizeVisibleContent,0.0
http://www.forsviksbruk.se/kunskap--fakta/augusta-backman-ville-hellre-do-an-foda-barn-som-ogift2/,SizeContentToViewport,0.0
http://www.forsviksbruk.se/kunskap--fakta/augusta-backman-ville-hellre-do-an-foda-barn-som-ogift2/,SizeTapTargetsAppropriately,0.6584362139917695
http://www.forsviksbruk.se/kunskap--fakta/augusta-backman-ville-hellre-do-an-foda-barn-som-ogift2/,UseLegibleFontSizes,0.0
http://www.forsviksbruk.se/en/exhibitions/the-womens-stories2/,SPEED,85
http://www.forsviksbruk.se/en/exhibitions/the-womens-stories2/,USABILITY,100
http://www.forsviksbruk.se/en/exhibitions/the-womens-stories2/,numberResources,25
http://www.forsviksbruk.se/en/exhibitions/the-womens-stories2/,numberHosts,2
http://www.forsviksbruk.se/en/exhibitions/the-womens-stories2/,totalRequestBytes,2635
http://www.forsviksbruk.se/en/exhibitions/the-womens-stories2/,numberStaticResources,21
http://www.forsviksbruk.se/en/exhibitions/the-womens-stories2/,htmlResponseBytes,80790
http://www.forsviksbruk.se/en/exhibitions/the-womens-stories2/,cssResponseBytes,125042
http://www.forsviksbruk.se/en/exhibitions/the-womens-stories2/,imageResponseBytes,191401
http://www.forsviksbruk.se/en/exhibitions/the-womens-stories2/,javascriptResponseBytes,407530
http://www.forsviksbruk.se/en/exhibitions/the-womens-stories2/,otherResponseBytes,173656
http://www.forsviksbruk.se/en/exhibitions/the-womens-stories2/,numberJsResources,3
http://www.forsviksbruk.se/en/exhibitions/the-womens-stories2/,numberCssResources,2
http://www.forsviksbruk.se/en/exhibitions/the-womens-stories2/,AvoidLandingPageRedirects,0.0
http://www.forsviksbruk.se/en/exhibitions/the-womens-stories2/,AvoidPlugins,0.0
http://www.forsviksbruk.se/en/exhibitions/the-womens-stories2/,ConfigureViewport,0.0
http://www.forsviksbruk.se/en/exhibitions/the-womens-stories2/,EnableGzipCompression,0.0
http://www.forsviksbruk.se/en/exhibitions/the-womens-stories2/,LeverageBrowserCaching,0.75
http://www.forsviksbruk.se/en/exhibitions/the-womens-stories2/,MainResourceServerResponseTime,0.0
http://www.forsviksbruk.se/en/exhibitions/the-womens-stories2/,MinifyCss,0.0
http://www.forsviksbruk.se/en/exhibitions/the-womens-stories2/,MinifyHTML,0.0
http://www.forsviksbruk.se/en/exhibitions/the-womens-stories2/,MinifyJavaScript,0.0
http://www.forsviksbruk.se/en/exhibitions/the-womens-stories2/,MinimizeRenderBlockingResources,0.0
http://www.forsviksbruk.se/en/exhibitions/the-womens-stories2/,OptimizeImages,6.880400000000001
http://www.forsviksbruk.se/en/exhibitions/the-womens-stories2/,PrioritizeVisibleContent,8.0
http://www.forsviksbruk.se/en/exhibitions/the-womens-stories2/,SizeContentToViewport,0.0
http://www.forsviksbruk.se/en/exhibitions/the-womens-stories2/,SizeTapTargetsAppropriately,0.0
http://www.forsviksbruk.se/en/exhibitions/the-womens-stories2/,UseLegibleFontSizes,0.0
http://www.forsviksbruk.se/kunskap--fakta/om-industrihistoria/,SPEED,91
http://www.forsviksbruk.se/kunskap--fakta/om-industrihistoria/,USABILITY,99
http://www.forsviksbruk.se/kunskap--fakta/om-industrihistoria/,numberResources,28
http://www.forsviksbruk.se/kunskap--fakta/om-industrihistoria/,numberHosts,3
http://www.forsviksbruk.se/kunskap--fakta/om-industrihistoria/,totalRequestBytes,2959
http://www.forsviksbruk.se/kunskap--fakta/om-industrihistoria/,numberStaticResources,23
http://www.forsviksbruk.se/kunskap--fakta/om-industrihistoria/,htmlResponseBytes,107982
http://www.forsviksbruk.se/kunskap--fakta/om-industrihistoria/,cssResponseBytes,125042
http://www.forsviksbruk.se/kunskap--fakta/om-industrihistoria/,imageResponseBytes,209234
http://www.forsviksbruk.se/kunskap--fakta/om-industrihistoria/,javascriptResponseBytes,407530
http://www.forsviksbruk.se/kunskap--fakta/om-industrihistoria/,otherResponseBytes,209364
http://www.forsviksbruk.se/kunskap--fakta/om-industrihistoria/,numberJsResources,3
http://www.forsviksbruk.se/kunskap--fakta/om-industrihistoria/,numberCssResources,2
http://www.forsviksbruk.se/kunskap--fakta/om-industrihistoria/,AvoidLandingPageRedirects,0.0
http://www.forsviksbruk.se/kunskap--fakta/om-industrihistoria/,AvoidPlugins,0.0
http://www.forsviksbruk.se/kunskap--fakta/om-industrihistoria/,ConfigureViewport,0.0
http://www.forsviksbruk.se/kunskap--fakta/om-industrihistoria/,EnableGzipCompression,0.0
http://www.forsviksbruk.se/kunskap--fakta/om-industrihistoria/,LeverageBrowserCaching,0.75
http://www.forsviksbruk.se/kunskap--fakta/om-industrihistoria/,MainResourceServerResponseTime,0.0
http://www.forsviksbruk.se/kunskap--fakta/om-industrihistoria/,MinifyCss,0.0
http://www.forsviksbruk.se/kunskap--fakta/om-industrihistoria/,MinifyHTML,0.0
http://www.forsviksbruk.se/kunskap--fakta/om-industrihistoria/,MinifyJavaScript,0.0
http://www.forsviksbruk.se/kunskap--fakta/om-industrihistoria/,MinimizeRenderBlockingResources,0.0
http://www.forsviksbruk.se/kunskap--fakta/om-industrihistoria/,OptimizeImages,7.128800000000001
http://www.forsviksbruk.se/kunskap--fakta/om-industrihistoria/,PrioritizeVisibleContent,0.0
http://www.forsviksbruk.se/kunskap--fakta/om-industrihistoria/,SizeContentToViewport,0.0
http://www.forsviksbruk.se/kunskap--fakta/om-industrihistoria/,SizeTapTargetsAppropriately,0.41522491349480967
http://www.forsviksbruk.se/kunskap--fakta/om-industrihistoria/,UseLegibleFontSizes,0.0
http://www.forsviksbruk.se/en/exhibitions/raw/,SPEED,92
http://www.forsviksbruk.se/en/exhibitions/raw/,USABILITY,100
http://www.forsviksbruk.se/en/exhibitions/raw/,numberResources,25
http://www.forsviksbruk.se/en/exhibitions/raw/,numberHosts,2
http://www.forsviksbruk.se/en/exhibitions/raw/,totalRequestBytes,2581
http://www.forsviksbruk.se/en/exhibitions/raw/,numberStaticResources,21
http://www.forsviksbruk.se/en/exhibitions/raw/,htmlResponseBytes,80612
http://www.forsviksbruk.se/en/exhibitions/raw/,cssResponseBytes,125042
http://www.forsviksbruk.se/en/exhibitions/raw/,imageResponseBytes,209071
http://www.forsviksbruk.se/en/exhibitions/raw/,javascriptResponseBytes,407530
http://www.forsviksbruk.se/en/exhibitions/raw/,otherResponseBytes,173656
http://www.forsviksbruk.se/en/exhibitions/raw/,numberJsResources,3
http://www.forsviksbruk.se/en/exhibitions/raw/,numberCssResources,2
http://www.forsviksbruk.se/en/exhibitions/raw/,AvoidLandingPageRedirects,0.0
http://www.forsviksbruk.se/en/exhibitions/raw/,AvoidPlugins,0.0
http://www.forsviksbruk.se/en/exhibitions/raw/,ConfigureViewport,0.0
http://www.forsviksbruk.se/en/exhibitions/raw/,EnableGzipCompression,0.0
http://www.forsviksbruk.se/en/exhibitions/raw/,LeverageBrowserCaching,0.75
http://www.forsviksbruk.se/en/exhibitions/raw/,MainResourceServerResponseTime,0.0
http://www.forsviksbruk.se/en/exhibitions/raw/,MinifyCss,0.0
http://www.forsviksbruk.se/en/exhibitions/raw/,MinifyHTML,0.0
http://www.forsviksbruk.se/en/exhibitions/raw/,MinifyJavaScript,0.0
http://www.forsviksbruk.se/en/exhibitions/raw/,MinimizeRenderBlockingResources,0.0
http://www.forsviksbruk.se/en/exhibitions/raw/,OptimizeImages,6.880400000000001
http://www.forsviksbruk.se/en/exhibitions/raw/,PrioritizeVisibleContent,0.0
http://www.forsviksbruk.se/en/exhibitions/raw/,SizeContentToViewport,0.0
http://www.forsviksbruk.se/en/exhibitions/raw/,SizeTapTargetsAppropriately,0.0
http://www.forsviksbruk.se/en/exhibitions/raw/,UseLegibleFontSizes,0.0
http://www.forsviksbruk.se/om-forsviks-bruk/,SPEED,91
http://www.forsviksbruk.se/om-forsviks-bruk/,USABILITY,99
http://www.forsviksbruk.se/om-forsviks-bruk/,numberResources,37
http://www.forsviksbruk.se/om-forsviks-bruk/,numberHosts,10
http://www.forsviksbruk.se/om-forsviks-bruk/,totalRequestBytes,4603
http://www.forsviksbruk.se/om-forsviks-bruk/,numberStaticResources,28
http://www.forsviksbruk.se/om-forsviks-bruk/,htmlResponseBytes,128648
http://www.forsviksbruk.se/om-forsviks-bruk/,cssResponseBytes,382453
http://www.forsviksbruk.se/om-forsviks-bruk/,imageResponseBytes,191251
http://www.forsviksbruk.se/om-forsviks-bruk/,javascriptResponseBytes,1722810
http://www.forsviksbruk.se/om-forsviks-bruk/,otherResponseBytes,194833
http://www.forsviksbruk.se/om-forsviks-bruk/,numberJsResources,8
http://www.forsviksbruk.se/om-forsviks-bruk/,numberCssResources,3
http://www.forsviksbruk.se/om-forsviks-bruk/,AvoidLandingPageRedirects,0.0
http://www.forsviksbruk.se/om-forsviks-bruk/,AvoidPlugins,0.0
http://www.forsviksbruk.se/om-forsviks-bruk/,ConfigureViewport,0.0
http://www.forsviksbruk.se/om-forsviks-bruk/,EnableGzipCompression,0.0
http://www.forsviksbruk.se/om-forsviks-bruk/,LeverageBrowserCaching,1.484375
http://www.forsviksbruk.se/om-forsviks-bruk/,MainResourceServerResponseTime,0.0
http://www.forsviksbruk.se/om-forsviks-bruk/,MinifyCss,0.0
http://www.forsviksbruk.se/om-forsviks-bruk/,MinifyHTML,0.0
http://www.forsviksbruk.se/om-forsviks-bruk/,MinifyJavaScript,0.0
http://www.forsviksbruk.se/om-forsviks-bruk/,MinimizeRenderBlockingResources,0.0
http://www.forsviksbruk.se/om-forsviks-bruk/,OptimizeImages,7.128800000000001
http://www.forsviksbruk.se/om-forsviks-bruk/,PrioritizeVisibleContent,0.0
http://www.forsviksbruk.se/om-forsviks-bruk/,SizeContentToViewport,0.0
http://www.forsviksbruk.se/om-forsviks-bruk/,SizeTapTargetsAppropriately,0.440771349862259
http://www.forsviksbruk.se/om-forsviks-bruk/,UseLegibleFontSizes,0.0
http://www.forsviksbruk.se/utstallningar/,SPEED,91
http://www.forsviksbruk.se/utstallningar/,USABILITY,99
http://www.forsviksbruk.se/utstallningar/,numberResources,33
http://www.forsviksbruk.se/utstallningar/,numberHosts,3
http://www.forsviksbruk.se/utstallningar/,totalRequestBytes,3684
http://www.forsviksbruk.se/utstallningar/,numberStaticResources,29
http://www.forsviksbruk.se/utstallningar/,htmlResponseBytes,121745
http://www.forsviksbruk.se/utstallningar/,cssResponseBytes,125042
http://www.forsviksbruk.se/utstallningar/,imageResponseBytes,443459
http://www.forsviksbruk.se/utstallningar/,javascriptResponseBytes,407530
http://www.forsviksbruk.se/utstallningar/,otherResponseBytes,173656
http://www.forsviksbruk.se/utstallningar/,numberJsResources,3
http://www.forsviksbruk.se/utstallningar/,numberCssResources,2
http://www.forsviksbruk.se/utstallningar/,AvoidLandingPageRedirects,0.0
http://www.forsviksbruk.se/utstallningar/,AvoidPlugins,0.0
http://www.forsviksbruk.se/utstallningar/,ConfigureViewport,0.0
http://www.forsviksbruk.se/utstallningar/,EnableGzipCompression,0.0
http://www.forsviksbruk.se/utstallningar/,LeverageBrowserCaching,0.75
http://www.forsviksbruk.se/utstallningar/,MainResourceServerResponseTime,0.0
http://www.forsviksbruk.se/utstallningar/,MinifyCss,0.0
http://www.forsviksbruk.se/utstallningar/,MinifyHTML,0.0
http://www.forsviksbruk.se/utstallningar/,MinifyJavaScript,0.0
http://www.forsviksbruk.se/utstallningar/,MinimizeRenderBlockingResources,0.0
http://www.forsviksbruk.se/utstallningar/,OptimizeImages,7.128800000000001
http://www.forsviksbruk.se/utstallningar/,PrioritizeVisibleContent,0.0
http://www.forsviksbruk.se/utstallningar/,SizeContentToViewport,0.0
http://www.forsviksbruk.se/utstallningar/,SizeTapTargetsAppropriately,0.440771349862259
http://www.forsviksbruk.se/utstallningar/,UseLegibleFontSizes,0.0
http://www.forsviksbruk.se/aktiviteter/mura-kakelugn/,SPEED,91
http://www.forsviksbruk.se/aktiviteter/mura-kakelugn/,USABILITY,99
http://www.forsviksbruk.se/aktiviteter/mura-kakelugn/,numberResources,27
http://www.forsviksbruk.se/aktiviteter/mura-kakelugn/,numberHosts,3
http://www.forsviksbruk.se/aktiviteter/mura-kakelugn/,totalRequestBytes,2831
http://www.forsviksbruk.se/aktiviteter/mura-kakelugn/,numberStaticResources,23
http://www.forsviksbruk.se/aktiviteter/mura-kakelugn/,htmlResponseBytes,103791
http://www.forsviksbruk.se/aktiviteter/mura-kakelugn/,cssResponseBytes,125042
http://www.forsviksbruk.se/aktiviteter/mura-kakelugn/,imageResponseBytes,263344
http://www.forsviksbruk.se/aktiviteter/mura-kakelugn/,javascriptResponseBytes,407530
http://www.forsviksbruk.se/aktiviteter/mura-kakelugn/,otherResponseBytes,173656
http://www.forsviksbruk.se/aktiviteter/mura-kakelugn/,numberJsResources,3
http://www.forsviksbruk.se/aktiviteter/mura-kakelugn/,numberCssResources,2
http://www.forsviksbruk.se/aktiviteter/mura-kakelugn/,AvoidLandingPageRedirects,0.0
http://www.forsviksbruk.se/aktiviteter/mura-kakelugn/,AvoidPlugins,0.0
http://www.forsviksbruk.se/aktiviteter/mura-kakelugn/,ConfigureViewport,0.0
http://www.forsviksbruk.se/aktiviteter/mura-kakelugn/,EnableGzipCompression,0.0
http://www.forsviksbruk.se/aktiviteter/mura-kakelugn/,LeverageBrowserCaching,0.75
http://www.forsviksbruk.se/aktiviteter/mura-kakelugn/,MainResourceServerResponseTime,0.0
http://www.forsviksbruk.se/aktiviteter/mura-kakelugn/,MinifyCss,0.0
http://www.forsviksbruk.se/aktiviteter/mura-kakelugn/,MinifyHTML,0.0
http://www.forsviksbruk.se/aktiviteter/mura-kakelugn/,MinifyJavaScript,0.0
http://www.forsviksbruk.se/aktiviteter/mura-kakelugn/,MinimizeRenderBlockingResources,0.0
http://www.forsviksbruk.se/aktiviteter/mura-kakelugn/,OptimizeImages,7.128800000000001
http://www.forsviksbruk.se/aktiviteter/mura-kakelugn/,PrioritizeVisibleContent,0.0
http://www.forsviksbruk.se/aktiviteter/mura-kakelugn/,SizeContentToViewport,0.0
http://www.forsviksbruk.se/aktiviteter/mura-kakelugn/,SizeTapTargetsAppropriately,0.6122448979591836
http://www.forsviksbruk.se/aktiviteter/mura-kakelugn/,UseLegibleFontSizes,0.0
http://www.forsviksbruk.se/for-skolan/lektioner/lektion-2/,SPEED,85
http://www.forsviksbruk.se/for-skolan/lektioner/lektion-2/,USABILITY,99
http://www.forsviksbruk.se/for-skolan/lektioner/lektion-2/,numberResources,27
http://www.forsviksbruk.se/for-skolan/lektioner/lektion-2/,numberHosts,3
http://www.forsviksbruk.se/for-skolan/lektioner/lektion-2/,totalRequestBytes,2844
http://www.forsviksbruk.se/for-skolan/lektioner/lektion-2/,numberStaticResources,23
http://www.forsviksbruk.se/for-skolan/lektioner/lektion-2/,htmlResponseBytes,106014
http://www.forsviksbruk.se/for-skolan/lektioner/lektion-2/,cssResponseBytes,125042
http://www.forsviksbruk.se/for-skolan/lektioner/lektion-2/,imageResponseBytes,197294
http://www.forsviksbruk.se/for-skolan/lektioner/lektion-2/,javascriptResponseBytes,407530
http://www.forsviksbruk.se/for-skolan/lektioner/lektion-2/,otherResponseBytes,173656
http://www.forsviksbruk.se/for-skolan/lektioner/lektion-2/,numberJsResources,3
http://www.forsviksbruk.se/for-skolan/lektioner/lektion-2/,numberCssResources,2
http://www.forsviksbruk.se/for-skolan/lektioner/lektion-2/,AvoidLandingPageRedirects,0.0
http://www.forsviksbruk.se/for-skolan/lektioner/lektion-2/,AvoidPlugins,0.0
http://www.forsviksbruk.se/for-skolan/lektioner/lektion-2/,ConfigureViewport,0.0
http://www.forsviksbruk.se/for-skolan/lektioner/lektion-2/,EnableGzipCompression,0.0
http://www.forsviksbruk.se/for-skolan/lektioner/lektion-2/,LeverageBrowserCaching,0.75
http://www.forsviksbruk.se/for-skolan/lektioner/lektion-2/,MainResourceServerResponseTime,0.0
http://www.forsviksbruk.se/for-skolan/lektioner/lektion-2/,MinifyCss,0.0
http://www.forsviksbruk.se/for-skolan/lektioner/lektion-2/,MinifyHTML,0.0
http://www.forsviksbruk.se/for-skolan/lektioner/lektion-2/,MinifyJavaScript,0.0
http://www.forsviksbruk.se/for-skolan/lektioner/lektion-2/,MinimizeRenderBlockingResources,0.0
http://www.forsviksbruk.se/for-skolan/lektioner/lektion-2/,OptimizeImages,7.128800000000001
http://www.forsviksbruk.se/for-skolan/lektioner/lektion-2/,PrioritizeVisibleContent,8.0
http://www.forsviksbruk.se/for-skolan/lektioner/lektion-2/,SizeContentToViewport,0.0
http://www.forsviksbruk.se/for-skolan/lektioner/lektion-2/,SizeTapTargetsAppropriately,0.5333333333333333
http://www.forsviksbruk.se/for-skolan/lektioner/lektion-2/,UseLegibleFontSizes,0.0
http://www.forsviksbruk.se/utstallningar/byggnaderna-berattar/kalorifaren/,SPEED,85
http://www.forsviksbruk.se/utstallningar/byggnaderna-berattar/kalorifaren/,USABILITY,99
http://www.forsviksbruk.se/utstallningar/byggnaderna-berattar/kalorifaren/,numberResources,27
http://www.forsviksbruk.se/utstallningar/byggnaderna-berattar/kalorifaren/,numberHosts,3
http://www.forsviksbruk.se/utstallningar/byggnaderna-berattar/kalorifaren/,totalRequestBytes,2876
http://www.forsviksbruk.se/utstallningar/byggnaderna-berattar/kalorifaren/,numberStaticResources,23
http://www.forsviksbruk.se/utstallningar/byggnaderna-berattar/kalorifaren/,htmlResponseBytes,107708
http://www.forsviksbruk.se/utstallningar/byggnaderna-berattar/kalorifaren/,cssResponseBytes,125042
http://www.forsviksbruk.se/utstallningar/byggnaderna-berattar/kalorifaren/,imageResponseBytes,230934
http://www.forsviksbruk.se/utstallningar/byggnaderna-berattar/kalorifaren/,javascriptResponseBytes,407530
http://www.forsviksbruk.se/utstallningar/byggnaderna-berattar/kalorifaren/,otherResponseBytes,173656
http://www.forsviksbruk.se/utstallningar/byggnaderna-berattar/kalorifaren/,numberJsResources,3
http://www.forsviksbruk.se/utstallningar/byggnaderna-berattar/kalorifaren/,numberCssResources,2
http://www.forsviksbruk.se/utstallningar/byggnaderna-berattar/kalorifaren/,AvoidLandingPageRedirects,0.0
http://www.forsviksbruk.se/utstallningar/byggnaderna-berattar/kalorifaren/,AvoidPlugins,0.0
http://www.forsviksbruk.se/utstallningar/byggnaderna-berattar/kalorifaren/,ConfigureViewport,0.0
http://www.forsviksbruk.se/utstallningar/byggnaderna-berattar/kalorifaren/,EnableGzipCompression,0.0
http://www.forsviksbruk.se/utstallningar/byggnaderna-berattar/kalorifaren/,LeverageBrowserCaching,0.75
http://www.forsviksbruk.se/utstallningar/byggnaderna-berattar/kalorifaren/,MainResourceServerResponseTime,0.0
http://www.forsviksbruk.se/utstallningar/byggnaderna-berattar/kalorifaren/,MinifyCss,0.0
http://www.forsviksbruk.se/utstallningar/byggnaderna-berattar/kalorifaren/,MinifyHTML,0.0
http://www.forsviksbruk.se/utstallningar/byggnaderna-berattar/kalorifaren/,MinifyJavaScript,0.0
http://www.forsviksbruk.se/utstallningar/byggnaderna-berattar/kalorifaren/,MinimizeRenderBlockingResources,0.0
http://www.forsviksbruk.se/utstallningar/byggnaderna-berattar/kalorifaren/,OptimizeImages,7.128800000000001
http://www.forsviksbruk.se/utstallningar/byggnaderna-berattar/kalorifaren/,PrioritizeVisibleContent,8.0
http://www.forsviksbruk.se/utstallningar/byggnaderna-berattar/kalorifaren/,SizeContentToViewport,0.0
http://www.forsviksbruk.se/utstallningar/byggnaderna-berattar/kalorifaren/,SizeTapTargetsAppropriately,0.6122448979591836
http://www.forsviksbruk.se/utstallningar/byggnaderna-berattar/kalorifaren/,UseLegibleFontSizes,0.0
http://www.forsviksbruk.se/aktiviteter/veteranfordonstraff/,SPEED,91
http://www.forsviksbruk.se/aktiviteter/veteranfordonstraff/,USABILITY,99
http://www.forsviksbruk.se/aktiviteter/veteranfordonstraff/,numberResources,27
http://www.forsviksbruk.se/aktiviteter/veteranfordonstraff/,numberHosts,3
http://www.forsviksbruk.se/aktiviteter/veteranfordonstraff/,totalRequestBytes,2854
http://www.forsviksbruk.se/aktiviteter/veteranfordonstraff/,numberStaticResources,23
http://www.forsviksbruk.se/aktiviteter/veteranfordonstraff/,htmlResponseBytes,104310
http://www.forsviksbruk.se/aktiviteter/veteranfordonstraff/,cssResponseBytes,125042
http://www.forsviksbruk.se/aktiviteter/veteranfordonstraff/,imageResponseBytes,264987
http://www.forsviksbruk.se/aktiviteter/veteranfordonstraff/,javascriptResponseBytes,407530
http://www.forsviksbruk.se/aktiviteter/veteranfordonstraff/,otherResponseBytes,173656
http://www.forsviksbruk.se/aktiviteter/veteranfordonstraff/,numberJsResources,3
http://www.forsviksbruk.se/aktiviteter/veteranfordonstraff/,numberCssResources,2
http://www.forsviksbruk.se/aktiviteter/veteranfordonstraff/,AvoidLandingPageRedirects,0.0
http://www.forsviksbruk.se/aktiviteter/veteranfordonstraff/,AvoidPlugins,0.0
http://www.forsviksbruk.se/aktiviteter/veteranfordonstraff/,ConfigureViewport,0.0
http://www.forsviksbruk.se/aktiviteter/veteranfordonstraff/,EnableGzipCompression,0.0
http://www.forsviksbruk.se/aktiviteter/veteranfordonstraff/,LeverageBrowserCaching,0.75
http://www.forsviksbruk.se/aktiviteter/veteranfordonstraff/,MainResourceServerResponseTime,0.0
http://www.forsviksbruk.se/aktiviteter/veteranfordonstraff/,MinifyCss,0.0
http://www.forsviksbruk.se/aktiviteter/veteranfordonstraff/,MinifyHTML,0.0
http://www.forsviksbruk.se/aktiviteter/veteranfordonstraff/,MinifyJavaScript,0.0
http://www.forsviksbruk.se/aktiviteter/veteranfordonstraff/,MinimizeRenderBlockingResources,0.0
http://www.forsviksbruk.se/aktiviteter/veteranfordonstraff/,OptimizeImages,7.128800000000001
http://www.forsviksbruk.se/aktiviteter/veteranfordonstraff/,PrioritizeVisibleContent,0.0
http://www.forsviksbruk.se/aktiviteter/veteranfordonstraff/,SizeContentToViewport,0.0
http://www.forsviksbruk.se/aktiviteter/veteranfordonstraff/,SizeTapTargetsAppropriately,0.6122448979591836
http://www.forsviksbruk.se/aktiviteter/veteranfordonstraff/,UseLegibleFontSizes,0.0
http://www.forsviksbruk.se/for-skolan/praktiska-lektioner/,SPEED,85
http://www.forsviksbruk.se/for-skolan/praktiska-lektioner/,USABILITY,99
http://www.forsviksbruk.se/for-skolan/praktiska-lektioner/,numberResources,30
http://www.forsviksbruk.se/for-skolan/praktiska-lektioner/,numberHosts,3
http://www.forsviksbruk.se/for-skolan/praktiska-lektioner/,totalRequestBytes,3283
http://www.forsviksbruk.se/for-skolan/praktiska-lektioner/,numberStaticResources,26
http://www.forsviksbruk.se/for-skolan/praktiska-lektioner/,htmlResponseBytes,111322
http://www.forsviksbruk.se/for-skolan/praktiska-lektioner/,cssResponseBytes,125042
http://www.forsviksbruk.se/for-skolan/praktiska-lektioner/,imageResponseBytes,436060
http://www.forsviksbruk.se/for-skolan/praktiska-lektioner/,javascriptResponseBytes,407530
http://www.forsviksbruk.se/for-skolan/praktiska-lektioner/,otherResponseBytes,173656
http://www.forsviksbruk.se/for-skolan/praktiska-lektioner/,numberJsResources,3
http://www.forsviksbruk.se/for-skolan/praktiska-lektioner/,numberCssResources,2
http://www.forsviksbruk.se/for-skolan/praktiska-lektioner/,AvoidLandingPageRedirects,0.0
http://www.forsviksbruk.se/for-skolan/praktiska-lektioner/,AvoidPlugins,0.0
http://www.forsviksbruk.se/for-skolan/praktiska-lektioner/,ConfigureViewport,0.0
http://www.forsviksbruk.se/for-skolan/praktiska-lektioner/,EnableGzipCompression,0.0
http://www.forsviksbruk.se/for-skolan/praktiska-lektioner/,LeverageBrowserCaching,0.75
http://www.forsviksbruk.se/for-skolan/praktiska-lektioner/,MainResourceServerResponseTime,0.0
http://www.forsviksbruk.se/for-skolan/praktiska-lektioner/,MinifyCss,0.0
http://www.forsviksbruk.se/for-skolan/praktiska-lektioner/,MinifyHTML,0.0
http://www.forsviksbruk.se/for-skolan/praktiska-lektioner/,MinifyJavaScript,0.0
http://www.forsviksbruk.se/for-skolan/praktiska-lektioner/,MinimizeRenderBlockingResources,0.0
http://www.forsviksbruk.se/for-skolan/praktiska-lektioner/,OptimizeImages,7.128800000000001
http://www.forsviksbruk.se/for-skolan/praktiska-lektioner/,PrioritizeVisibleContent,8.0
http://www.forsviksbruk.se/for-skolan/praktiska-lektioner/,SizeContentToViewport,0.0
http://www.forsviksbruk.se/for-skolan/praktiska-lektioner/,SizeTapTargetsAppropriately,0.440771349862259
http://www.forsviksbruk.se/for-skolan/praktiska-lektioner/,UseLegibleFontSizes,0.0
http://www.forsviksbruk.se/besok-oss/for-researrangorer/,SPEED,85
http://www.forsviksbruk.se/besok-oss/for-researrangorer/,USABILITY,99
http://www.forsviksbruk.se/besok-oss/for-researrangorer/,numberResources,76
http://www.forsviksbruk.se/besok-oss/for-researrangorer/,numberHosts,11
http://www.forsviksbruk.se/besok-oss/for-researrangorer/,totalRequestBytes,13657
http://www.forsviksbruk.se/besok-oss/for-researrangorer/,numberStaticResources,53
http://www.forsviksbruk.se/besok-oss/for-researrangorer/,htmlResponseBytes,113783
http://www.forsviksbruk.se/besok-oss/for-researrangorer/,cssResponseBytes,126216
http://www.forsviksbruk.se/besok-oss/for-researrangorer/,imageResponseBytes,432259
http://www.forsviksbruk.se/besok-oss/for-researrangorer/,javascriptResponseBytes,1131215
http://www.forsviksbruk.se/besok-oss/for-researrangorer/,otherResponseBytes,205504
http://www.forsviksbruk.se/besok-oss/for-researrangorer/,numberJsResources,17
http://www.forsviksbruk.se/besok-oss/for-researrangorer/,numberCssResources,3
http://www.forsviksbruk.se/besok-oss/for-researrangorer/,AvoidLandingPageRedirects,0.0
http://www.forsviksbruk.se/besok-oss/for-researrangorer/,AvoidPlugins,0.0
http://www.forsviksbruk.se/besok-oss/for-researrangorer/,ConfigureViewport,0.0
http://www.forsviksbruk.se/besok-oss/for-researrangorer/,EnableGzipCompression,0.0
http://www.forsviksbruk.se/besok-oss/for-researrangorer/,LeverageBrowserCaching,8.916666666666668
http://www.forsviksbruk.se/besok-oss/for-researrangorer/,MainResourceServerResponseTime,0.0
http://www.forsviksbruk.se/besok-oss/for-researrangorer/,MinifyCss,0.0
http://www.forsviksbruk.se/besok-oss/for-researrangorer/,MinifyHTML,0.0
http://www.forsviksbruk.se/besok-oss/for-researrangorer/,MinifyJavaScript,0.0
http://www.forsviksbruk.se/besok-oss/for-researrangorer/,MinimizeRenderBlockingResources,0.0
http://www.forsviksbruk.se/besok-oss/for-researrangorer/,OptimizeImages,7.128800000000001
http://www.forsviksbruk.se/besok-oss/for-researrangorer/,PrioritizeVisibleContent,0.0
http://www.forsviksbruk.se/besok-oss/for-researrangorer/,SizeContentToViewport,0.0
http://www.forsviksbruk.se/besok-oss/for-researrangorer/,SizeTapTargetsAppropriately,0.38447846208615166
http://www.forsviksbruk.se/besok-oss/for-researrangorer/,UseLegibleFontSizes,0.0
http://www.forsviksbruk.se/aktiviteter/,SPEED,85
http://www.forsviksbruk.se/aktiviteter/,USABILITY,99
http://www.forsviksbruk.se/aktiviteter/,numberResources,29
http://www.forsviksbruk.se/aktiviteter/,numberHosts,3
http://www.forsviksbruk.se/aktiviteter/,totalRequestBytes,3086
http://www.forsviksbruk.se/aktiviteter/,numberStaticResources,25
http://www.forsviksbruk.se/aktiviteter/,htmlResponseBytes,108008
http://www.forsviksbruk.se/aktiviteter/,cssResponseBytes,125042
http://www.forsviksbruk.se/aktiviteter/,imageResponseBytes,405758
http://www.forsviksbruk.se/aktiviteter/,javascriptResponseBytes,407530
http://www.forsviksbruk.se/aktiviteter/,otherResponseBytes,173656
http://www.forsviksbruk.se/aktiviteter/,numberJsResources,3
http://www.forsviksbruk.se/aktiviteter/,numberCssResources,2
http://www.forsviksbruk.se/aktiviteter/,AvoidLandingPageRedirects,0.0
http://www.forsviksbruk.se/aktiviteter/,AvoidPlugins,0.0
http://www.forsviksbruk.se/aktiviteter/,ConfigureViewport,0.0
http://www.forsviksbruk.se/aktiviteter/,EnableGzipCompression,0.0
http://www.forsviksbruk.se/aktiviteter/,LeverageBrowserCaching,0.75
http://www.forsviksbruk.se/aktiviteter/,MainResourceServerResponseTime,0.0
http://www.forsviksbruk.se/aktiviteter/,MinifyCss,0.0
http://www.forsviksbruk.se/aktiviteter/,MinifyHTML,0.0
http://www.forsviksbruk.se/aktiviteter/,MinifyJavaScript,0.0
http://www.forsviksbruk.se/aktiviteter/,MinimizeRenderBlockingResources,0.0
http://www.forsviksbruk.se/aktiviteter/,OptimizeImages,7.128800000000001
http://www.forsviksbruk.se/aktiviteter/,PrioritizeVisibleContent,8.0
http://www.forsviksbruk.se/aktiviteter/,SizeContentToViewport,0.0
http://www.forsviksbruk.se/aktiviteter/,SizeTapTargetsAppropriately,0.6122448979591836
http://www.forsviksbruk.se/aktiviteter/,UseLegibleFontSizes,0.0
http://www.forsviksbruk.se/utstallningar/byggnaderna-berattar/metallgjuteriet-och-smedjan/,SPEED,91
http://www.forsviksbruk.se/utstallningar/byggnaderna-berattar/metallgjuteriet-och-smedjan/,USABILITY,99
http://www.forsviksbruk.se/utstallningar/byggnaderna-berattar/metallgjuteriet-och-smedjan/,numberResources,27
http://www.forsviksbruk.se/utstallningar/byggnaderna-berattar/metallgjuteriet-och-smedjan/,numberHosts,3
http://www.forsviksbruk.se/utstallningar/byggnaderna-berattar/metallgjuteriet-och-smedjan/,totalRequestBytes,2924
http://www.forsviksbruk.se/utstallningar/byggnaderna-berattar/metallgjuteriet-och-smedjan/,numberStaticResources,23
http://www.forsviksbruk.se/utstallningar/byggnaderna-berattar/metallgjuteriet-och-smedjan/,htmlResponseBytes,111417
http://www.forsviksbruk.se/utstallningar/byggnaderna-berattar/metallgjuteriet-och-smedjan/,cssResponseBytes,125042
http://www.forsviksbruk.se/utstallningar/byggnaderna-berattar/metallgjuteriet-och-smedjan/,imageResponseBytes,272880
http://www.forsviksbruk.se/utstallningar/byggnaderna-berattar/metallgjuteriet-och-smedjan/,javascriptResponseBytes,407530
http://www.forsviksbruk.se/utstallningar/byggnaderna-berattar/metallgjuteriet-och-smedjan/,otherResponseBytes,173656
http://www.forsviksbruk.se/utstallningar/byggnaderna-berattar/metallgjuteriet-och-smedjan/,numberJsResources,3
http://www.forsviksbruk.se/utstallningar/byggnaderna-berattar/metallgjuteriet-och-smedjan/,numberCssResources,2
http://www.forsviksbruk.se/utstallningar/byggnaderna-berattar/metallgjuteriet-och-smedjan/,AvoidLandingPageRedirects,0.0
http://www.forsviksbruk.se/utstallningar/byggnaderna-berattar/metallgjuteriet-och-smedjan/,AvoidPlugins,0.0
http://www.forsviksbruk.se/utstallningar/byggnaderna-berattar/metallgjuteriet-och-smedjan/,ConfigureViewport,0.0
http://www.forsviksbruk.se/utstallningar/byggnaderna-berattar/metallgjuteriet-och-smedjan/,EnableGzipCompression,0.0
http://www.forsviksbruk.se/utstallningar/byggnaderna-berattar/metallgjuteriet-och-smedjan/,LeverageBrowserCaching,0.75
http://www.forsviksbruk.se/utstallningar/byggnaderna-berattar/metallgjuteriet-och-smedjan/,MainResourceServerResponseTime,0.0
http://www.forsviksbruk.se/utstallningar/byggnaderna-berattar/metallgjuteriet-och-smedjan/,MinifyCss,0.0
http://www.forsviksbruk.se/utstallningar/byggnaderna-berattar/metallgjuteriet-och-smedjan/,MinifyHTML,0.0
http://www.forsviksbruk.se/utstallningar/byggnaderna-berattar/metallgjuteriet-och-smedjan/,MinifyJavaScript,0.0
http://www.forsviksbruk.se/utstallningar/byggnaderna-berattar/metallgjuteriet-och-smedjan/,MinimizeRenderBlockingResources,0.0
http://www.forsviksbruk.se/utstallningar/byggnaderna-berattar/metallgjuteriet-och-smedjan/,OptimizeImages,7.128800000000001
http://www.forsviksbruk.se/utstallningar/byggnaderna-berattar/metallgjuteriet-och-smedjan/,PrioritizeVisibleContent,0.0
http://www.forsviksbruk.se/utstallningar/byggnaderna-berattar/metallgjuteriet-och-smedjan/,SizeContentToViewport,0.0
http://www.forsviksbruk.se/utstallningar/byggnaderna-berattar/metallgjuteriet-och-smedjan/,SizeTapTargetsAppropriately,0.6122448979591836
http://www.forsviksbruk.se/utstallningar/byggnaderna-berattar/metallgjuteriet-och-smedjan/,UseLegibleFontSizes,0.0
http://www.forsviksbruk.se/for-skolan/praktiska-lektioner/aktivitet-2/,SPEED,91
http://www.forsviksbruk.se/for-skolan/praktiska-lektioner/aktivitet-2/,USABILITY,99
http://www.forsviksbruk.se/for-skolan/praktiska-lektioner/aktivitet-2/,numberResources,27
http://www.forsviksbruk.se/for-skolan/praktiska-lektioner/aktivitet-2/,numberHosts,3
http://www.forsviksbruk.se/for-skolan/praktiska-lektioner/aktivitet-2/,totalRequestBytes,2876
http://www.forsviksbruk.se/for-skolan/praktiska-lektioner/aktivitet-2/,numberStaticResources,23
http://www.forsviksbruk.se/for-skolan/praktiska-lektioner/aktivitet-2/,htmlResponseBytes,104588
http://www.forsviksbruk.se/for-skolan/praktiska-lektioner/aktivitet-2/,cssResponseBytes,125042
http://www.forsviksbruk.se/for-skolan/praktiska-lektioner/aktivitet-2/,imageResponseBytes,201856
http://www.forsviksbruk.se/for-skolan/praktiska-lektioner/aktivitet-2/,javascriptResponseBytes,407530
http://www.forsviksbruk.se/for-skolan/praktiska-lektioner/aktivitet-2/,otherResponseBytes,173656
http://www.forsviksbruk.se/for-skolan/praktiska-lektioner/aktivitet-2/,numberJsResources,3
http://www.forsviksbruk.se/for-skolan/praktiska-lektioner/aktivitet-2/,numberCssResources,2
http://www.forsviksbruk.se/for-skolan/praktiska-lektioner/aktivitet-2/,AvoidLandingPageRedirects,0.0
http://www.forsviksbruk.se/for-skolan/praktiska-lektioner/aktivitet-2/,AvoidPlugins,0.0
http://www.forsviksbruk.se/for-skolan/praktiska-lektioner/aktivitet-2/,ConfigureViewport,0.0
http://www.forsviksbruk.se/for-skolan/praktiska-lektioner/aktivitet-2/,EnableGzipCompression,0.0
http://www.forsviksbruk.se/for-skolan/praktiska-lektioner/aktivitet-2/,LeverageBrowserCaching,0.75
http://www.forsviksbruk.se/for-skolan/praktiska-lektioner/aktivitet-2/,MainResourceServerResponseTime,0.0
http://www.forsviksbruk.se/for-skolan/praktiska-lektioner/aktivitet-2/,MinifyCss,0.0
http://www.forsviksbruk.se/for-skolan/praktiska-lektioner/aktivitet-2/,MinifyHTML,0.0
http://www.forsviksbruk.se/for-skolan/praktiska-lektioner/aktivitet-2/,MinifyJavaScript,0.0
http://www.forsviksbruk.se/for-skolan/praktiska-lektioner/aktivitet-2/,MinimizeRenderBlockingResources,0.0
http://www.forsviksbruk.se/for-skolan/praktiska-lektioner/aktivitet-2/,OptimizeImages,7.128800000000001
http://www.forsviksbruk.se/for-skolan/praktiska-lektioner/aktivitet-2/,PrioritizeVisibleContent,0.0
http://www.forsviksbruk.se/for-skolan/praktiska-lektioner/aktivitet-2/,SizeContentToViewport,0.0
http://www.forsviksbruk.se/for-skolan/praktiska-lektioner/aktivitet-2/,SizeTapTargetsAppropriately,0.5707491082045184
http://www.forsviksbruk.se/for-skolan/praktiska-lektioner/aktivitet-2/,UseLegibleFontSizes,0.0
http://www.forsviksbruk.se/utstallningar/byggnaderna-berattar/elektricitetshuset/,SPEED,85
http://www.forsviksbruk.se/utstallningar/byggnaderna-berattar/elektricitetshuset/,USABILITY,99
http://www.forsviksbruk.se/utstallningar/byggnaderna-berattar/elektricitetshuset/,numberResources,27
http://www.forsviksbruk.se/utstallningar/byggnaderna-berattar/elektricitetshuset/,numberHosts,3
http://www.forsviksbruk.se/utstallningar/byggnaderna-berattar/elektricitetshuset/,totalRequestBytes,2893
http://www.forsviksbruk.se/utstallningar/byggnaderna-berattar/elektricitetshuset/,numberStaticResources,23
http://www.forsviksbruk.se/utstallningar/byggnaderna-berattar/elektricitetshuset/,htmlResponseBytes,107641
http://www.forsviksbruk.se/utstallningar/byggnaderna-berattar/elektricitetshuset/,cssResponseBytes,125042
http://www.forsviksbruk.se/utstallningar/byggnaderna-berattar/elektricitetshuset/,imageResponseBytes,247529
http://www.forsviksbruk.se/utstallningar/byggnaderna-berattar/elektricitetshuset/,javascriptResponseBytes,407530
http://www.forsviksbruk.se/utstallningar/byggnaderna-berattar/elektricitetshuset/,otherResponseBytes,173656
http://www.forsviksbruk.se/utstallningar/byggnaderna-berattar/elektricitetshuset/,numberJsResources,3
http://www.forsviksbruk.se/utstallningar/byggnaderna-berattar/elektricitetshuset/,numberCssResources,2
http://www.forsviksbruk.se/utstallningar/byggnaderna-berattar/elektricitetshuset/,AvoidLandingPageRedirects,0.0
http://www.forsviksbruk.se/utstallningar/byggnaderna-berattar/elektricitetshuset/,AvoidPlugins,0.0
http://www.forsviksbruk.se/utstallningar/byggnaderna-berattar/elektricitetshuset/,ConfigureViewport,0.0
http://www.forsviksbruk.se/utstallningar/byggnaderna-berattar/elektricitetshuset/,EnableGzipCompression,0.0
http://www.forsviksbruk.se/utstallningar/byggnaderna-berattar/elektricitetshuset/,LeverageBrowserCaching,0.75
http://www.forsviksbruk.se/utstallningar/byggnaderna-berattar/elektricitetshuset/,MainResourceServerResponseTime,0.0
http://www.forsviksbruk.se/utstallningar/byggnaderna-berattar/elektricitetshuset/,MinifyCss,0.0
http://www.forsviksbruk.se/utstallningar/byggnaderna-berattar/elektricitetshuset/,MinifyHTML,0.0
http://www.forsviksbruk.se/utstallningar/byggnaderna-berattar/elektricitetshuset/,MinifyJavaScript,0.0
http://www.forsviksbruk.se/utstallningar/byggnaderna-berattar/elektricitetshuset/,MinimizeRenderBlockingResources,0.0
http://www.forsviksbruk.se/utstallningar/byggnaderna-berattar/elektricitetshuset/,OptimizeImages,7.128800000000001
http://www.forsviksbruk.se/utstallningar/byggnaderna-berattar/elektricitetshuset/,PrioritizeVisibleContent,8.0
http://www.forsviksbruk.se/utstallningar/byggnaderna-berattar/elektricitetshuset/,SizeContentToViewport,0.0
http://www.forsviksbruk.se/utstallningar/byggnaderna-berattar/elektricitetshuset/,SizeTapTargetsAppropriately,0.6122448979591836
http://www.forsviksbruk.se/utstallningar/byggnaderna-berattar/elektricitetshuset/,UseLegibleFontSizes,0.0
http://www.forsviksbruk.se/for-skolan/lektioner/lektion-6/,SPEED,91
http://www.forsviksbruk.se/for-skolan/lektioner/lektion-6/,USABILITY,99
http://www.forsviksbruk.se/for-skolan/lektioner/lektion-6/,numberResources,27
http://www.forsviksbruk.se/for-skolan/lektioner/lektion-6/,numberHosts,3
http://www.forsviksbruk.se/for-skolan/lektioner/lektion-6/,totalRequestBytes,2857
http://www.forsviksbruk.se/for-skolan/lektioner/lektion-6/,numberStaticResources,23
http://www.forsviksbruk.se/for-skolan/lektioner/lektion-6/,htmlResponseBytes,106175
http://www.forsviksbruk.se/for-skolan/lektioner/lektion-6/,cssResponseBytes,125042
http://www.forsviksbruk.se/for-skolan/lektioner/lektion-6/,imageResponseBytes,257331
http://www.forsviksbruk.se/for-skolan/lektioner/lektion-6/,javascriptResponseBytes,407530
http://www.forsviksbruk.se/for-skolan/lektioner/lektion-6/,otherResponseBytes,173656
http://www.forsviksbruk.se/for-skolan/lektioner/lektion-6/,numberJsResources,3
http://www.forsviksbruk.se/for-skolan/lektioner/lektion-6/,numberCssResources,2
http://www.forsviksbruk.se/for-skolan/lektioner/lektion-6/,AvoidLandingPageRedirects,0.0
http://www.forsviksbruk.se/for-skolan/lektioner/lektion-6/,AvoidPlugins,0.0
http://www.forsviksbruk.se/for-skolan/lektioner/lektion-6/,ConfigureViewport,0.0
http://www.forsviksbruk.se/for-skolan/lektioner/lektion-6/,EnableGzipCompression,0.0
http://www.forsviksbruk.se/for-skolan/lektioner/lektion-6/,LeverageBrowserCaching,0.75
http://www.forsviksbruk.se/for-skolan/lektioner/lektion-6/,MainResourceServerResponseTime,0.0
http://www.forsviksbruk.se/for-skolan/lektioner/lektion-6/,MinifyCss,0.0
http://www.forsviksbruk.se/for-skolan/lektioner/lektion-6/,MinifyHTML,0.0
http://www.forsviksbruk.se/for-skolan/lektioner/lektion-6/,MinifyJavaScript,0.0
http://www.forsviksbruk.se/for-skolan/lektioner/lektion-6/,MinimizeRenderBlockingResources,0.0
http://www.forsviksbruk.se/for-skolan/lektioner/lektion-6/,OptimizeImages,7.128800000000001
http://www.forsviksbruk.se/for-skolan/lektioner/lektion-6/,PrioritizeVisibleContent,0.0
http://www.forsviksbruk.se/for-skolan/lektioner/lektion-6/,SizeContentToViewport,0.0
http://www.forsviksbruk.se/for-skolan/lektioner/lektion-6/,SizeTapTargetsAppropriately,0.5707491082045184
http://www.forsviksbruk.se/for-skolan/lektioner/lektion-6/,UseLegibleFontSizes,0.0
http://www.forsviksbruk.se/utstallningar/byggnaderna-berattar/,SPEED,85
http://www.forsviksbruk.se/utstallningar/byggnaderna-berattar/,USABILITY,99
http://www.forsviksbruk.se/utstallningar/byggnaderna-berattar/,numberResources,39
http://www.forsviksbruk.se/utstallningar/byggnaderna-berattar/,numberHosts,3
http://www.forsviksbruk.se/utstallningar/byggnaderna-berattar/,totalRequestBytes,4602
http://www.forsviksbruk.se/utstallningar/byggnaderna-berattar/,numberStaticResources,35
http://www.forsviksbruk.se/utstallningar/byggnaderna-berattar/,htmlResponseBytes,134073
http://www.forsviksbruk.se/utstallningar/byggnaderna-berattar/,cssResponseBytes,125042
http://www.forsviksbruk.se/utstallningar/byggnaderna-berattar/,imageResponseBytes,1547539
http://www.forsviksbruk.se/utstallningar/byggnaderna-berattar/,javascriptResponseBytes,407530
http://www.forsviksbruk.se/utstallningar/byggnaderna-berattar/,otherResponseBytes,173656
http://www.forsviksbruk.se/utstallningar/byggnaderna-berattar/,numberJsResources,3
http://www.forsviksbruk.se/utstallningar/byggnaderna-berattar/,numberCssResources,2
http://www.forsviksbruk.se/utstallningar/byggnaderna-berattar/,AvoidLandingPageRedirects,0.0
http://www.forsviksbruk.se/utstallningar/byggnaderna-berattar/,AvoidPlugins,0.0
http://www.forsviksbruk.se/utstallningar/byggnaderna-berattar/,ConfigureViewport,0.0
http://www.forsviksbruk.se/utstallningar/byggnaderna-berattar/,EnableGzipCompression,0.0
http://www.forsviksbruk.se/utstallningar/byggnaderna-berattar/,LeverageBrowserCaching,0.75
http://www.forsviksbruk.se/utstallningar/byggnaderna-berattar/,MainResourceServerResponseTime,0.0
http://www.forsviksbruk.se/utstallningar/byggnaderna-berattar/,MinifyCss,0.0
http://www.forsviksbruk.se/utstallningar/byggnaderna-berattar/,MinifyHTML,0.0
http://www.forsviksbruk.se/utstallningar/byggnaderna-berattar/,MinifyJavaScript,0.0
http://www.forsviksbruk.se/utstallningar/byggnaderna-berattar/,MinimizeRenderBlockingResources,0.0
http://www.forsviksbruk.se/utstallningar/byggnaderna-berattar/,OptimizeImages,7.128800000000001
http://www.forsviksbruk.se/utstallningar/byggnaderna-berattar/,PrioritizeVisibleContent,8.0
http://www.forsviksbruk.se/utstallningar/byggnaderna-berattar/,SizeContentToViewport,0.0
http://www.forsviksbruk.se/utstallningar/byggnaderna-berattar/,SizeTapTargetsAppropriately,0.31558185404339245
http://www.forsviksbruk.se/utstallningar/byggnaderna-berattar/,UseLegibleFontSizes,0.0
http://www.forsviksbruk.se/en/exhibitions/light-and-power/,SPEED,92
http://www.forsviksbruk.se/en/exhibitions/light-and-power/,USABILITY,100
http://www.forsviksbruk.se/en/exhibitions/light-and-power/,numberResources,24
http://www.forsviksbruk.se/en/exhibitions/light-and-power/,numberHosts,2
http://www.forsviksbruk.se/en/exhibitions/light-and-power/,totalRequestBytes,2476
http://www.forsviksbruk.se/en/exhibitions/light-and-power/,numberStaticResources,20
http://www.forsviksbruk.se/en/exhibitions/light-and-power/,htmlResponseBytes,78891
http://www.forsviksbruk.se/en/exhibitions/light-and-power/,cssResponseBytes,125042
http://www.forsviksbruk.se/en/exhibitions/light-and-power/,imageResponseBytes,122028
http://www.forsviksbruk.se/en/exhibitions/light-and-power/,javascriptResponseBytes,407530
http://www.forsviksbruk.se/en/exhibitions/light-and-power/,otherResponseBytes,173656
http://www.forsviksbruk.se/en/exhibitions/light-and-power/,numberJsResources,3
http://www.forsviksbruk.se/en/exhibitions/light-and-power/,numberCssResources,2
http://www.forsviksbruk.se/en/exhibitions/light-and-power/,AvoidLandingPageRedirects,0.0
http://www.forsviksbruk.se/en/exhibitions/light-and-power/,AvoidPlugins,0.0
http://www.forsviksbruk.se/en/exhibitions/light-and-power/,ConfigureViewport,0.0
http://www.forsviksbruk.se/en/exhibitions/light-and-power/,EnableGzipCompression,0.0
http://www.forsviksbruk.se/en/exhibitions/light-and-power/,LeverageBrowserCaching,0.75
http://www.forsviksbruk.se/en/exhibitions/light-and-power/,MainResourceServerResponseTime,0.0
http://www.forsviksbruk.se/en/exhibitions/light-and-power/,MinifyCss,0.0
http://www.forsviksbruk.se/en/exhibitions/light-and-power/,MinifyHTML,0.0
http://www.forsviksbruk.se/en/exhibitions/light-and-power/,MinifyJavaScript,0.0
http://www.forsviksbruk.se/en/exhibitions/light-and-power/,MinimizeRenderBlockingResources,0.0
http://www.forsviksbruk.se/en/exhibitions/light-and-power/,OptimizeImages,6.880400000000001
http://www.forsviksbruk.se/en/exhibitions/light-and-power/,PrioritizeVisibleContent,0.0
http://www.forsviksbruk.se/en/exhibitions/light-and-power/,SizeContentToViewport,0.0
http://www.forsviksbruk.se/en/exhibitions/light-and-power/,SizeTapTargetsAppropriately,0.0
http://www.forsviksbruk.se/en/exhibitions/light-and-power/,UseLegibleFontSizes,0.0
http://www.forsviksbruk.se/utstallningar/byggnaderna-berattar/arbetarbostader/,SPEED,85
http://www.forsviksbruk.se/utstallningar/byggnaderna-berattar/arbetarbostader/,USABILITY,99
http://www.forsviksbruk.se/utstallningar/byggnaderna-berattar/arbetarbostader/,numberResources,27
http://www.forsviksbruk.se/utstallningar/byggnaderna-berattar/arbetarbostader/,numberHosts,3
http://www.forsviksbruk.se/utstallningar/byggnaderna-berattar/arbetarbostader/,totalRequestBytes,2889
http://www.forsviksbruk.se/utstallningar/byggnaderna-berattar/arbetarbostader/,numberStaticResources,23
http://www.forsviksbruk.se/utstallningar/byggnaderna-berattar/arbetarbostader/,htmlResponseBytes,107902
http://www.forsviksbruk.se/utstallningar/byggnaderna-berattar/arbetarbostader/,cssResponseBytes,125042
http://www.forsviksbruk.se/utstallningar/byggnaderna-berattar/arbetarbostader/,imageResponseBytes,254854
http://www.forsviksbruk.se/utstallningar/byggnaderna-berattar/arbetarbostader/,javascriptResponseBytes,407530
http://www.forsviksbruk.se/utstallningar/byggnaderna-berattar/arbetarbostader/,otherResponseBytes,173656
http://www.forsviksbruk.se/utstallningar/byggnaderna-berattar/arbetarbostader/,numberJsResources,3
http://www.forsviksbruk.se/utstallningar/byggnaderna-berattar/arbetarbostader/,numberCssResources,2
http://www.forsviksbruk.se/utstallningar/byggnaderna-berattar/arbetarbostader/,AvoidLandingPageRedirects,0.0
http://www.forsviksbruk.se/utstallningar/byggnaderna-berattar/arbetarbostader/,AvoidPlugins,0.0
http://www.forsviksbruk.se/utstallningar/byggnaderna-berattar/arbetarbostader/,ConfigureViewport,0.0
http://www.forsviksbruk.se/utstallningar/byggnaderna-berattar/arbetarbostader/,EnableGzipCompression,0.0
http://www.forsviksbruk.se/utstallningar/byggnaderna-berattar/arbetarbostader/,LeverageBrowserCaching,0.75
http://www.forsviksbruk.se/utstallningar/byggnaderna-berattar/arbetarbostader/,MainResourceServerResponseTime,0.0
http://www.forsviksbruk.se/utstallningar/byggnaderna-berattar/arbetarbostader/,MinifyCss,0.0
http://www.forsviksbruk.se/utstallningar/byggnaderna-berattar/arbetarbostader/,MinifyHTML,0.0
http://www.forsviksbruk.se/utstallningar/byggnaderna-berattar/arbetarbostader/,MinifyJavaScript,0.0
http://www.forsviksbruk.se/utstallningar/byggnaderna-berattar/arbetarbostader/,MinimizeRenderBlockingResources,0.0
http://www.forsviksbruk.se/utstallningar/byggnaderna-berattar/arbetarbostader/,OptimizeImages,7.128800000000001
http://www.forsviksbruk.se/utstallningar/byggnaderna-berattar/arbetarbostader/,PrioritizeVisibleContent,8.0
http://www.forsviksbruk.se/utstallningar/byggnaderna-berattar/arbetarbostader/,SizeContentToViewport,0.0
http://www.forsviksbruk.se/utstallningar/byggnaderna-berattar/arbetarbostader/,SizeTapTargetsAppropriately,0.6122448979591836
http://www.forsviksbruk.se/utstallningar/byggnaderna-berattar/arbetarbostader/,UseLegibleFontSizes,0.0
http://www.forsviksbruk.se/utstallningar/kvinnornas-berattelser---arbete-och-liv-i-ett-brukssamhalle/,SPEED,91
http://www.forsviksbruk.se/utstallningar/kvinnornas-berattelser---arbete-och-liv-i-ett-brukssamhalle/,USABILITY,99
http://www.forsviksbruk.se/utstallningar/kvinnornas-berattelser---arbete-och-liv-i-ett-brukssamhalle/,numberResources,27
http://www.forsviksbruk.se/utstallningar/kvinnornas-berattelser---arbete-och-liv-i-ett-brukssamhalle/,numberHosts,3
http://www.forsviksbruk.se/utstallningar/kvinnornas-berattelser---arbete-och-liv-i-ett-brukssamhalle/,totalRequestBytes,2998
http://www.forsviksbruk.se/utstallningar/kvinnornas-berattelser---arbete-och-liv-i-ett-brukssamhalle/,numberStaticResources,23
http://www.forsviksbruk.se/utstallningar/kvinnornas-berattelser---arbete-och-liv-i-ett-brukssamhalle/,htmlResponseBytes,109629
http://www.forsviksbruk.se/utstallningar/kvinnornas-berattelser---arbete-och-liv-i-ett-brukssamhalle/,cssResponseBytes,125042
http://www.forsviksbruk.se/utstallningar/kvinnornas-berattelser---arbete-och-liv-i-ett-brukssamhalle/,imageResponseBytes,216222
http://www.forsviksbruk.se/utstallningar/kvinnornas-berattelser---arbete-och-liv-i-ett-brukssamhalle/,javascriptResponseBytes,407530
http://www.forsviksbruk.se/utstallningar/kvinnornas-berattelser---arbete-och-liv-i-ett-brukssamhalle/,otherResponseBytes,173656
http://www.forsviksbruk.se/utstallningar/kvinnornas-berattelser---arbete-och-liv-i-ett-brukssamhalle/,numberJsResources,3
http://www.forsviksbruk.se/utstallningar/kvinnornas-berattelser---arbete-och-liv-i-ett-brukssamhalle/,numberCssResources,2
http://www.forsviksbruk.se/utstallningar/kvinnornas-berattelser---arbete-och-liv-i-ett-brukssamhalle/,AvoidLandingPageRedirects,0.0
http://www.forsviksbruk.se/utstallningar/kvinnornas-berattelser---arbete-och-liv-i-ett-brukssamhalle/,AvoidPlugins,0.0
http://www.forsviksbruk.se/utstallningar/kvinnornas-berattelser---arbete-och-liv-i-ett-brukssamhalle/,ConfigureViewport,0.0
http://www.forsviksbruk.se/utstallningar/kvinnornas-berattelser---arbete-och-liv-i-ett-brukssamhalle/,EnableGzipCompression,0.0
http://www.forsviksbruk.se/utstallningar/kvinnornas-berattelser---arbete-och-liv-i-ett-brukssamhalle/,LeverageBrowserCaching,0.75
http://www.forsviksbruk.se/utstallningar/kvinnornas-berattelser---arbete-och-liv-i-ett-brukssamhalle/,MainResourceServerResponseTime,0.0
http://www.forsviksbruk.se/utstallningar/kvinnornas-berattelser---arbete-och-liv-i-ett-brukssamhalle/,MinifyCss,0.0
http://www.forsviksbruk.se/utstallningar/kvinnornas-berattelser---arbete-och-liv-i-ett-brukssamhalle/,MinifyHTML,0.0
http://www.forsviksbruk.se/utstallningar/kvinnornas-berattelser---arbete-och-liv-i-ett-brukssamhalle/,MinifyJavaScript,0.0
http://www.forsviksbruk.se/utstallningar/kvinnornas-berattelser---arbete-och-liv-i-ett-brukssamhalle/,MinimizeRenderBlockingResources,0.0
http://www.forsviksbruk.se/utstallningar/kvinnornas-berattelser---arbete-och-liv-i-ett-brukssamhalle/,OptimizeImages,7.128800000000001
http://www.forsviksbruk.se/utstallningar/kvinnornas-berattelser---arbete-och-liv-i-ett-brukssamhalle/,PrioritizeVisibleContent,0.0
http://www.forsviksbruk.se/utstallningar/kvinnornas-berattelser---arbete-och-liv-i-ett-brukssamhalle/,SizeContentToViewport,0.0
http://www.forsviksbruk.se/utstallningar/kvinnornas-berattelser---arbete-och-liv-i-ett-brukssamhalle/,SizeTapTargetsAppropriately,0.6584362139917695
http://www.forsviksbruk.se/utstallningar/kvinnornas-berattelser---arbete-och-liv-i-ett-brukssamhalle/,UseLegibleFontSizes,0.0
